4633	4671	0	0	372	-448	16676	-384	59	103	1767	1444	1264	1250
4633	4671	0	0	520	1152	15044	-374	81	48	1766	1445	1261	1248
4633	4671	0	0	304	1648	14944	-370	83	72	1766	1444	1262	1247
4633	4671	0	0	528	676	15584	-368	58	120	1769	1444	1262	1249
4633	4671	0	0	596	-452	16300	-362	64	127	1763	1445	1273	1251
4633	4671	0	0	336	-32	16340	-369	78	84	1768	1445	1261	1247
4633	4670	0	0	508	1140	15116	-396	79	66	1767	1446	1262	1248
4633	4671	0	0	372	1560	14884	-390	53	71	1766	1444	1262	1248
4633	4671	0	0	528	676	15432	-353	76	115	1768	1444	1272	1250
4633	4671	0	0	488	-420	16252	-362	70	128	1767	1444	1262	1249
4633	4671	0	0	264	-148	16416	-385	63	94	1766	1445	1263	1250
4633	4671	0	0	540	956	15336	-402	59	58	1768	1442	1262	1248
4633	4671	0	0	340	1500	14952	-375	72	65	1779	1444	1262	1249
4633	4671	0	0	560	1024	15280	-369	81	114	1768	1443	1263	1249
4633	4671	0	0	604	-264	16096	-358	65	122	1767	1444	1262	1247
4633	4671	0	0	324	-340	16404	-374	83	102	1767	1444	1258	1249
4633	4671	0	0	396	728	15720	-396	60	60	1766	1444	1256	1247
4633	4671	0	0	416	1528	14904	-392	46	60	1767	1443	1263	1248
4633	4671	0	0	436	1056	14996	-369	81	105	1767	1443	1256	1247
4633	4671	0	0	592	-116	16032	-343	80	130	1767	1443	1261	1249
4633	4671	0	0	332	-508	16652	-370	70	105	1767	1444	1262	1246
4633	4671	0	0	504	532	15772	-414	55	60	1767	1445	1263	1250
4631	4671	0	0	436	1532	14792	-403	52	50	1772	1443	1263	1242
4633	4671	0	0	444	1112	15336	-364	72	99	1767	1443	1263	1249
4633	4671	0	0	364	1196	15200	-353	71	98	1766	1444	1263	1248
4633	4671	0	0	564	40	15972	-350	82	139	1767	1443	1261	1247
4633	4671	0	0	512	-416	16520	-378	80	105	1762	1443	1261	1245
4633	4671	0	0	476	520	15872	-404	57	58	1768	1445	1261	1249
4633	4671	0	0	408	1320	14932	-396	52	48	1768	1437	1258	1246
4633	4670	0	0	364	1292	15208	-347	76	101	1763	1444	1262	1249
4633	4671	0	0	608	76	15836	-337	69	136	1765	1445	1263	1250
4633	4671	0	0	600	-428	16460	-377	81	115	1768	1444	1260	1247
4633	4671	0	0	452	336	15916	-396	65	65	1767	1443	1260	1249
4633	4671	0	0	332	1520	14932	-399	55	67	1767	1442	1262	1248
4633	4671	0	0	384	1292	15132	-352	68	91	1766	1445	1261	1249
4633	4671	0	0	604	44	15668	-343	75	128	1766	1444	1263	1246
4633	4671	0	0	432	-408	16452	-386	75	115	1767	1444	1263	1247
4633	4671	0	0	304	332	15816	-415	66	62	1767	1444	1257	1249
4633	4671	0	0	420	1472	14768	-390	58	58	1766	1443	1261	1248
4633	4671	0	0	432	1156	15120	-356	59	94	1767	1443	1260	1249
4633	4671	0	0	684	-12	15828	-345	76	130	1767	1443	1257	1247
4633	4671	0	0	424	-328	16424	-382	72	112	1767	1444	1261	1249
4633	4671	0	0	392	552	15612	-408	59	61	1767	1444	1264	1248
4633	4671	0	0	312	1464	14820	-396	66	59	1768	1445	1260	1249
4633	4671	0	0	504	1188	15284	-352	79	105	1767	1443	1260	1246
4633	4671	0	0	508	-84	15864	-347	69	130	1765	1444	1261	1248
4633	4671	0	0	412	-424	16460	-383	64	102	1763	1445	1261	1246
4633	4671	0	0	448	656	15360	-416	67	53	1766	1443	1262	1248
4633	4671	0	0	396	1500	14856	-382	61	60	1767	1444	1257	1245
4633	4671	0	0	456	1120	15396	-348	73	102	1767	1443	1262	1249
4633	4671	0	0	588	-136	16176	-343	77	136	1766	1443	1261	1246
4633	4671	0	0	372	-348	16412	-401	71	97	1763	1442	1260	1248
4633	4671	0	0	508	800	15516	-405	60	69	1767	1443	1259	1246
4633	4671	0	0	272	1580	14988	-384	64	58	1767	1444	1262	1248
4633	4671	0	0	496	912	15340	-349	61	112	1769	1443	1263	1251
4633	4671	0	0	496	-236	16100	-367	64	123	1765	1442	1260	1248
4633	4671	0	0	352	-264	16520	-393	69	89	1768	1445	1261	1248
4633	4671	0	0	428	952	15192	-408	66	51	1767	1446	1261	1247
4633	4671	0	0	264	1576	14924	-382	59	69	1767	1441	1264	1247
4633	4671	0	0	568	752	15432	-340	73	119	1767	1444	1263	1244
4633	4671	0	0	528	-344	16240	-359	67	113	1766	1444	1262	1248
4633	4671	0	0	316	-60	16304	-395	70	86	1767	1445	1261	1249
4633	4671	0	0	380	1192	15052	-410	74	53	1768	1444	1259	1246
4633	4671	0	0	376	1412	15036	-375	69	90	1768	1443	1261	1248
4633	4671	0	0	552	412	15684	-346	70	122	1767	1444	1262	1247
4633	4671	0	0	524	-448	16440	-371	70	115	1767	1445	1262	1248
4633	4671	0	0	260	196	15968	-399	59	69	1768	1444	1264	1245
4633	4671	0	0	444	1320	14880	-399	79	55	1769	1445	1261	1248
4633	4671	0	0	492	1228	15064	-356	66	86	1767	1447	1262	1248
4633	4671	0	0	624	172	15772	-351	73	127	1766	1444	1263	1242
4633	4671	0	0	344	-420	16392	-385	67	113	1767	1445	1263	1249
4633	4671	0	0	416	484	15660	-403	59	54	1767	1444	1264	1249
4633	4671	0	0	368	1456	14920	-391	72	76	1768	1444	1263	1254
4633	4670	0	0	556	1084	15280	-350	79	100	1763	1444	1263	1247
4633	4671	0	0	568	-112	16092	-346	79	127	1765	1446	1261	1248
4633	4671	0	0	308	-320	16540	-387	63	103	1768	1444	1262	1248
4633	4671	0	0	428	844	15540	-401	70	50	1768	1444	1263	1248
4633	4671	0	0	408	1572	14748	-378	51	61	1767	1442	1263	1247
4633	4671	0	0	432	828	15352	-355	83	117	1767	1437	1263	1247
4633	4671	0	0	540	-300	16072	-354	73	135	1767	1443	1260	1258
4633	4671	0	0	312	-184	16468	-394	56	85	1768	1443	1260	1249
4633	4671	0	0	488	1148	15292	-400	64	51	1767	1444	1264	1246
4633	4671	0	0	308	1524	14908	-376	58	74	1767	1444	1263	1249
4633	4671	0	0	616	432	15560	-346	68	127	1768	1444	1263	1249
4633	4671	0	0	504	-424	16340	-359	84	129	1767	1444	1257	1248
4633	4670	0	0	416	192	15996	-399	71	63	1767	1444	1260	1248
4633	4671	0	0	400	1380	15076	-399	61	54	1767	1444	1262	1247
4633	4671	0	0	440	1328	15096	-368	70	81	1766	1443	1261	1247
4633	4671	0	0	592	108	15792	-350	75	125	1768	1444	1263	1248
4633	4671	0	0	376	-388	16384	-367	69	124	1767	1444	1263	1248
4633	4671	0	0	452	452	15732	-408	72	62	1768	1446	1263	1249
4633	4671	0	0	452	616	15636	-407	62	60	1766	1445	1261	1243
4633	4671	0	0	464	1472	14936	-387	57	63	1767	1445	1262	1248
4633	4671	0	0	512	1016	15388	-353	71	110	1767	1443	1262	1247
4633	4671	0	0	448	-296	16260	-356	79	139	1767	1443	1261	1249
4633	4671	0	0	288	-168	16324	-401	63	87	1762	1444	1262	1248
4633	4671	0	0	560	1160	15260	-408	74	58	1766	1444	1257	1246
4633	4671	0	0	400	1428	15056	-376	50	70	1766	1444	1261	1247
4633	4671	0	0	588	456	15552	-344	76	107	1777	1443	1264	1247
4633	4671	0	0	488	-436	16452	-364	74	126	1768	1443	1263	1246
4633	4671	0	0	340	192	16076	-404	59	68	1768	1443	1262	1249
4633	4671	0	0	428	1392	14872	-409	66	50	1767	1443	1262	1250
4633	4671	0	0	436	1416	15156	-362	76	90	1768	1441	1260	1246
4633	4671	0	0	548	220	15792	-348	60	123	1767	1441	1271	1247
4633	4671	0	0	472	-384	16404	-370	76	114	1766	1444	1262	1246
4633	4671	0	0	400	360	15908	-408	67	63	1768	1445	1263	1249
4633	4671	0	0	488	1248	14896	-384	65	57	1767	1441	1258	1246
4633	4671	0	0	428	1324	15116	-370	63	105	1767	1443	1260	1246
4633	4671	0	0	532	360	15656	-349	73	124	1766	1443	1263	1248
4633	4671	0	0	444	-336	16488	-364	75	116	1765	1442	1256	1245
4633	4671	0	0	276	36	16148	-397	73	79	1767	1443	1260	1248
4633	4671	0	0	516	1192	14884	-399	70	69	1767	1443	1262	1248
4633	4671	0	0	336	1416	14972	-359	75	80	1767	1445	1259	1247
4633	4671	0	0	584	536	15644	-349	66	123	1766	1443	1261	1244
4633	4671	0	0	524	-324	16344	-364	69	125	1766	1435	1261	1247
4633	4671	0	0	340	-16	16208	-401	58	81	1767	1444	1261	1248
4633	4671	0	0	436	1172	15132	-403	80	44	1767	1442	1263	1248
4633	4671	0	0	364	1376	14884	-370	61	85	1763	1445	1261	1247
4633	4669	0	0	644	636	15592	-357	69	121	1769	1443	1263	1248
4633	4671	0	0	536	-300	16408	-366	72	115	1766	1444	1263	1247
4633	4671	0	0	228	-52	16128	-398	63	88	1772	1446	1261	1248
4633	4671	0	0	368	1060	15080	-398	62	56	1767	1443	1264	1249
4633	4671	0	0	384	1320	15072	-383	60	81	1767	1443	1260	1249
4633	4671	0	0	712	740	15536	-347	74	126	1768	1443	1260	1247
4633	4671	0	0	528	-260	16272	-371	67	115	1767	1441	1263	1249
4633	4671	0	0	136	-24	16080	-393	65	80	1769	1441	1263	1247
4633	4671	0	0	452	1248	15104	-389	82	60	1768	1443	1261	1249
4633	4671	0	0	492	1352	14852	-384	59	86	1761	1443	1262	1245
4633	4671	0	0	552	604	15540	-359	59	124	1766	1444	1258	1247
4633	4671	0	0	524	-340	16324	-364	58	106	1767	1442	1263	1247
4633	4671	0	0	144	-8	16216	-391	69	74	1767	1444	1260	1247
4633	4671	0	0	308	1116	15132	-399	60	51	1767	1444	1256	1241
4633	4671	0	0	464	1420	15104	-382	56	77	1768	1443	1263	1246
4633	4671	0	0	616	544	15604	-352	64	122	1765	1443	1263	1246
4633	4671	0	0	468	-232	16460	-366	59	112	1768	1445	1264	1250
4633	4671	0	0	252	64	15984	-391	66	70	1768	1443	1263	1246
4633	4671	0	0	572	1192	15028	-405	69	58	1767	1445	1261	1249
4633	4671	0	0	500	1388	15020	-370	56	81	1769	1444	1261	1246
4633	4671	0	0	492	508	15652	-359	60	122	1766	1445	1261	1246
4633	4671	0	0	416	-296	16304	-354	60	120	1778	1444	1262	1247
4633	4671	0	0	296	64	16008	-393	73	77	1766	1444	1261	1250
4633	4671	0	0	496	1212	15028	-396	63	56	1766	1444	1262	1247
4633	4671	0	0	376	1344	15164	-369	70	90	1764	1444	1263	1248
4633	4671	0	0	632	340	15712	-351	67	125	1768	1444	1263	1248
4633	4671	0	0	444	-328	16436	-365	69	106	1767	1444	1260	1250
4633	4671	0	0	392	212	16004	-405	58	69	1768	1444	1261	1250
4633	4671	0	0	444	1308	15084	-400	70	63	1766	1442	1263	1247
4633	4671	0	0	480	1316	15308	-373	67	105	1767	1446	1263	1248
4633	4671	0	0	656	152	15844	-359	76	133	1767	1443	1263	1249
4633	4671	0	0	388	-444	16532	-381	73	108	1767	1443	1262	1248
4633	4671	0	0	400	376	15844	-399	65	71	1769	1445	1263	1249
4633	4671	0	0	452	1360	14984	-373	62	58	1769	1444	1262	1254
4633	4671	0	0	560	1220	15184	-357	71	96	1767	1445	1263	1245
4633	4671	0	0	580	-24	16028	-364	70	126	1767	1444	1259	1248
4633	4671	0	0	408	-352	16400	-381	65	95	1767	1444	1261	1248
4633	4671	0	0	384	428	15660	-400	57	60	1766	1444	1261	1248
4633	4671	0	0	384	1412	14856	-382	70	66	1763	1445	1262	1247
4633	4671	0	0	588	1092	15172	-349	67	101	1766	1445	1261	1234
4633	4671	0	0	548	-44	16048	-353	72	123	1768	1445	1263	1250
4633	4671	0	0	180	-292	16424	-392	71	101	1767	1444	1262	1248
4633	4671	0	0	368	-312	16444	-389	55	94	1767	1445	1261	1247
4633	4671	0	0	472	760	15328	-395	80	52	1766	1444	1262	1248
4633	4671	0	0	444	1432	14732	-378	72	69	1766	1444	1263	1247
4633	4671	0	0	552	884	15348	-353	77	122	1767	1443	1262	1249
4633	4671	0	0	520	-316	16192	-365	67	126	1763	1443	1263	1249
4633	4671	0	0	292	-168	16244	-383	64	91	1767	1444	1261	1248
4633	4671	0	0	500	996	15056	-393	73	58	1767	1443	1262	1247
4633	4671	0	0	368	1432	14964	-367	62	82	1765	1444	1264	1250
4633	4671	0	0	604	808	15392	-360	69	119	1768	1443	1262	1249
4633	4671	0	0	424	-284	16200	-364	60	117	1768	1443	1262	1249
4633	4671	0	0	352	-16	16160	-402	59	92	1768	1444	1263	1248
4633	4671	0	0	468	1156	15116	-388	68	66	1767	1441	1262	1250
4633	4671	0	0	504	1272	15084	-361	86	85	1767	1444	1264	1244
4633	4671	0	0	624	344	15836	-352	62	124	1763	1444	1262	1247
4633	4671	0	0	448	-332	16540	-372	70	108	1768	1444	1260	1247
4633	4671	0	0	296	220	16060	-389	75	67	1768	1443	1260	1242
4633	4671	0	0	420	1392	15120	-399	63	65	1767	1444	1261	1246
4633	4671	0	0	576	1324	15196	-363	69	100	1767	1443	1268	1250
4633	4671	0	0	596	192	15752	-346	76	119	1766	1443	1261	1249
4633	4671	0	0	288	-376	16272	-380	65	113	1765	1443	1261	1243
4633	4671	0	0	404	588	15576	-426	60	62	1767	1445	1263	1250
4633	4671	0	0	348	1432	14940	-441	58	71	1766	1444	1264	1249
4633	4671	0	0	404	784	15108	-386	99	103	1767	1442	1260	1244
4633	4671	0	0	460	8	15968	-334	72	123	1767	1442	1261	1248
4633	4671	0	0	768	8	16472	-426	66	81	1767	1443	1263	1249
4633	4671	0	0	392	912	15344	-434	47	50	1766	1443	1261	1247
4633	4671	0	0	32	1240	15184	-372	58	64	1763	1445	1261	1247
4633	4671	0	0	648	780	15144	-356	112	111	1767	1444	1263	1247
4633	4671	0	0	560	-320	16256	-379	76	121	1766	1443	1263	1246
4633	4671	0	0	776	-100	16560	-351	34	72	1764	1443	1262	1249
4633	4671	0	0	496	1008	15144	-348	47	53	1768	1444	1262	1248
4633	4671	0	0	120	944	15308	-339	53	99	1767	1444	1261	1247
4633	4671	0	0	732	488	15504	-317	63	123	1767	1444	1261	1250
