4632	4674	0	0	-32	832	15960	-392	49	89	1273	1059	1675	1677
4632	4673	0	0	280	912	15868	-352	36	102	1275	1057	1675	1677
4632	4674	0	0	156	844	15932	-382	5	89	1276	1066	1673	1672
4632	4674	0	0	376	608	15984	-374	-9	95	1280	1062	1673	1671
4632	4673	0	0	544	684	16136	-367	-1	82	1280	1056	1671	1677
4632	4674	0	0	824	520	16096	-370	-1	100	1274	1063	1674	1676
4632	4674	0	0	836	532	16100	-362	-14	89	1278	1064	1672	1671
4632	4674	0	0	968	608	16036	-373	-15	95	1277	1060	1672	1674
4632	4674	0	0	904	480	16072	-373	-6	103	1274	1054	1674	1678
4632	4674	0	0	992	492	16028	-365	-4	85	1276	1059	1672	1679
4632	4674	0	0	900	444	16040	-384	-25	91	1277	1060	1670	1672
4632	4674	0	0	908	496	16040	-371	-12	96	1278	1056	1671	1677
4632	4674	0	0	812	672	15960	-365	-9	88	1272	1056	1673	1676
4632	4674	0	0	640	680	16048	-378	-14	93	1275	1064	1669	1671
4632	4674	0	0	452	684	15836	-366	-14	90	1277	1059	1667	1669
4632	4674	0	0	260	768	15828	-377	2	98	1273	1058	1675	1677
4632	4674	0	0	84	864	15704	-369	-6	95	1273	1063	1679	1673
4632	4674	0	0	-52	924	15544	-371	9	86	1281	1064	1673	1671
4632	4674	0	0	-380	964	15452	-374	43	91	1276	1057	1675	1677
4632	4674	0	0	-480	936	15332	-370	61	89	1278	1059	1668	1674
4632	4674	0	0	-468	864	15464	-373	92	98	1278	1056	1672	1676
4632	4674	0	0	-248	860	15488	-362	116	98	1279	1064	1672	1672
4632	4674	0	0	128	744	15544	-371	145	96	1278	1055	1668	1675
4632	4674	0	0	640	488	15592	-369	146	103	1271	1062	1675	1671
4631	4674	0	0	1168	288	15756	-372	148	96	1280	1057	1670	1673
4632	4674	0	0	1680	92	15860	-370	110	97	1274	1056	1675	1676
4632	4674	0	0	1820	32	16108	-382	75	85	1272	1060	1674	1675
4632	4674	0	0	1800	128	16212	-374	28	92	1276	1057	1674	1678
4632	4674	0	0	1476	424	16152	-367	-4	97	1274	1064	1672	1667
4632	4673	0	0	744	492	16012	-366	-18	94	1280	1057	1667	1674
4632	4674	0	0	112	836	15736	-362	-8	98	1271	1057	1675	1687
4632	4674	0	0	-388	1048	15452	-376	30	102	1276	1055	1670	1675
4632	4674	0	0	-560	924	15252	-367	80	100	1278	1055	1672	1675
4632	4674	0	0	-44	716	15548	-379	133	99	1271	1064	1674	1670
4632	4674	0	0	776	340	15512	-376	171	97	1285	1059	1674	1671
4632	4674	0	0	1568	132	15824	-374	131	101	1275	1057	1673	1676
4632	4674	0	0	1900	52	16136	-389	64	87	1274	1060	1674	1674
4632	4674	0	0	1656	312	16280	-378	9	86	1280	1058	1667	1671
4632	4674	0	0	1016	500	15984	-369	-21	90	1281	1061	1667	1673
4632	4674	0	0	176	824	15868	-368	-2	88	1274	1064	1674	1674
4632	4674	0	0	-400	1008	15420	-364	45	96	1281	1060	1668	1674
4632	4674	0	0	-368	964	15400	-372	103	94	1275	1055	1669	1675
4632	4674	0	0	404	516	15468	-378	148	96	1272	1063	1672	1668
4632	4674	0	0	1296	112	15824	-382	152	90	1275	1057	1668	1675
4632	4674	0	0	1880	40	16044	-382	74	98	1278	1055	1670	1675
4632	4674	0	0	1632	156	16080	-371	1	91	1270	1058	1673	1674
4632	4674	0	0	776	724	15928	-375	-27	97	1277	1062	1673	1671
4632	4674	0	0	-284	964	15548	-362	16	90	1281	1058	1668	1676
4632	4674	0	0	-564	1012	15416	-368	94	105	1276	1056	1667	1676
4632	4674	0	0	348	496	15560	-371	157	101	1271	1061	1674	1671
4632	4674	0	0	1392	144	15836	-383	123	105	1273	1056	1675	1673
4632	4674	0	0	1904	124	16168	-368	59	84	1278	1055	1671	1675
4632	4674	0	0	1276	384	15944	-369	-20	84	1276	1053	1673	1675
4632	4674	0	0	192	848	15656	-370	-6	86	1274	1060	1674	1674
4632	4674	0	0	-568	1020	15352	-366	80	92	1280	1062	1669	1672
4632	4674	0	0	104	616	15588	-376	143	95	1273	1058	1671	1676
4632	4674	0	0	1352	212	15884	-382	138	101	1274	1058	1674	1676
4632	4674	0	0	1888	20	16188	-391	48	93	1273	1064	1672	1671
4632	4674	0	0	1136	512	15948	-374	-17	88	1281	1061	1671	1671
4632	4674	0	0	-124	888	15496	-369	12	94	1278	1056	1671	1677
4631	4674	0	0	-600	836	15424	-380	107	105	1277	1060	1671	1674
4632	4674	0	0	556	424	15792	-374	161	103	1275	1064	1671	1670
4631	4674	0	0	1660	52	16076	-383	108	92	1276	1061	1665	1674
4632	4673	0	0	1756	236	16216	-374	4	85	1278	1055	1669	1674
4631	4674	0	0	432	752	15752	-364	-15	85	1273	1059	1673	1673
4632	4674	0	0	-496	1028	15444	-368	66	84	1276	1064	1674	1671
4632	4673	0	0	76	700	15448	-376	146	99	1280	1058	1668	1670
4632	4674	0	0	1308	172	16052	-379	130	96	1276	1060	1670	1671
4632	4674	0	0	1992	172	16068	-369	43	93	1271	1060	1673	1688
4632	4674	0	0	948	628	15856	-376	-21	94	1274	1065	1672	1670
4632	4673	0	0	-312	1084	15364	-379	23	85	1279	1058	1670	1671
4632	4674	0	0	-336	792	15460	-362	131	95	1277	1056	1672	1679
4632	4673	0	0	1008	216	15844	-377	151	96	1280	1064	1671	1671
4632	4674	0	0	2008	164	16028	-386	65	99	1275	1064	1671	1673
4632	4674	0	0	1084	616	15864	-374	-21	84	1280	1057	1668	1676
4632	4674	0	0	-312	1032	15472	-370	12	95	1277	1055	1672	1676
4632	4674	0	0	-484	868	15352	-371	118	93	1272	1060	1675	1674
4631	4674	0	0	1052	280	15808	-385	145	101	1276	1061	1674	1672
4632	4674	0	0	1956	60	16004	-381	74	80	1281	1061	1670	1672
4632	4674	0	0	1100	476	15888	-366	-15	88	1280	1064	1671	1672
4632	4674	0	0	-260	1036	15384	-362	25	92	1273	1061	1675	1677
4632	4674	0	0	-244	816	15568	-368	123	96	1281	1064	1669	1671
4632	4674	0	0	1124	268	15900	-379	139	90	1276	1062	1668	1672
4632	4674	0	0	1948	132	16084	-381	52	89	1279	1054	1671	1678
4632	4674	0	0	1064	528	15948	-359	-22	97	1276	1062	1675	1672
4632	4674	0	0	-352	900	15376	-365	25	105	1274	1064	1673	1672
4632	4674	0	0	-108	772	15416	-366	135	104	1281	1062	1670	1673
4632	4674	0	0	1304	184	15856	-382	136	100	1279	1057	1677	1674
4632	4674	0	0	1884	132	16044	-375	39	98	1271	1060	1674	1673
4632	4673	0	0	888	536	15908	-366	-20	92	1267	1064	1675	1674
4632	4674	0	0	-492	1040	15348	-368	37	89	1280	1061	1669	1674
4632	4674	0	0	104	716	15656	-370	139	93	1279	1065	1673	1671
4632	4674	0	0	1460	144	15964	-383	128	97	1272	1058	1676	1677
4632	4674	0	0	1792	248	16056	-380	27	93	1279	1062	1673	1672
4632	4674	0	0	572	640	15736	-373	-17	78	1281	1062	1671	1671
4632	4674	0	0	-508	992	15296	-366	51	94	1280	1057	1670	1677
4632	4674	0	0	304	348	15608	-378	143	100	1276	1064	1675	1671
4631	4674	0	0	1688	-32	16072	-376	109	101	1274	1064	1674	1663
4632	4674	0	0	1592	368	16024	-372	1	88	1276	1062	1669	1672
4632	4674	0	0	144	808	15668	-369	-10	90	1280	1053	1669	1674
4632	4674	0	0	-568	844	15500	-370	98	99	1274	1057	1673	1685
4632	4674	0	0	728	364	15740	-370	147	98	1272	1062	1667	1676
4632	4674	0	0	1940	0	16196	-368	80	93	1279	1064	1669	1671
4632	4674	0	0	1124	456	16004	-372	-24	84	1277	1061	1672	1673
4631	4674	0	0	-288	936	15412	-382	11	82	1276	1056	1673	1677
4632	4674	0	0	-136	816	15532	-381	114	108	1275	1060	1675	1672
4632	4674	0	0	1244	88	15860	-382	138	94	1274	1063	1671	1673
4632	4674	0	0	1968	80	16040	-366	34	93	1281	1061	1668	1674
4632	4674	0	0	616	588	15672	-363	-30	94	1274	1055	1672	1674
4632	4674	0	0	-612	984	15408	-370	53	87	1273	1060	1675	1677
4632	4673	0	0	332	556	15588	-374	156	104	1278	1063	1673	1671
4632	4674	0	0	1708	-40	15936	-376	100	100	1280	1060	1667	1669
4632	4674	0	0	1524	348	16004	-368	3	99	1280	1056	1670	1676
4632	4674	0	0	-76	908	15440	-371	3	86	1277	1061	1672	1672
4632	4674	0	0	-504	824	15524	-380	103	108	1270	1063	1675	1671
4632	4673	0	0	1108	368	15968	-372	145	96	1275	1058	1672	1673
4631	4674	0	0	1912	144	16120	-377	55	86	1280	1057	1667	1672
4632	4674	0	0	748	776	15800	-368	-26	82	1277	1056	1672	1671
4632	4674	0	0	-468	1044	15444	-366	47	89	1271	1059	1672	1677
4632	4673	0	0	312	528	15688	-374	159	95	1272	1063	1671	1671
4632	4674	0	0	1644	-8	16232	-383	114	97	1275	1059	1674	1673
4632	4674	0	0	1476	356	15976	-369	-15	83	1279	1053	1668	1674
4632	4673	0	0	-16	932	15540	-368	1	83	1275	1056	1673	1675
4632	4674	0	0	-348	808	15348	-362	119	103	1273	1064	1674	1675
4632	4674	0	0	1120	324	15844	-372	136	96	1280	1064	1671	1670
4632	4674	0	0	1944	32	16020	-370	37	90	1273	1057	1669	1676
4632	4674	0	0	644	724	15592	-373	-20	86	1277	1055	1670	1673
4632	4674	0	0	-540	1016	15336	-377	69	97	1273	1058	1674	1673
4632	4674	0	0	528	496	15784	-375	148	98	1274	1063	1673	1672
4632	4674	0	0	1820	152	16108	-383	91	87	1280	1062	1669	1672
4632	4674	0	0	1292	404	16000	-367	-19	94	1279	1057	1668	1673
4632	4674	0	0	-320	980	15468	-366	27	97	1277	1056	1671	1675
4632	4674	0	0	-104	656	15456	-373	132	103	1275	1057	1670	1675
4632	4674	0	0	1500	148	15936	-382	127	103	1275	1063	1671	1672
4632	4673	0	0	1580	220	16268	-376	16	104	1289	1060	1668	1674
4632	4674	0	0	108	808	15488	-360	-5	95	1275	1055	1667	1675
4632	4674	0	0	-464	1004	15376	-369	96	97	1273	1057	1674	1675
4632	4674	0	0	904	296	15816	-385	145	93	1281	1057	1669	1672
4632	4673	0	0	1904	104	15980	-373	52	92	1278	1064	1668	1670
4632	4674	0	0	872	644	15860	-361	-27	82	1275	1059	1669	1675
4631	4674	0	0	-580	1024	15580	-370	41	105	1276	1055	1674	1676
4632	4674	0	0	388	560	15900	-367	154	100	1275	1059	1674	1672
4631	4673	0	0	1824	124	16196	-372	89	98	1275	1064	1675	1672
4632	4674	0	0	1396	448	16092	-371	-2	88	1279	1057	1667	1675
4632	4674	0	0	-332	820	15548	-363	17	93	1280	1063	1673	1670
4632	4674	0	0	-108	804	15556	-372	133	99	1273	1058	1674	1676
4632	4673	0	0	1492	88	16072	-377	127	92	1277	1063	1672	1671
4632	4674	0	0	1680	256	16036	-369	15	97	1278	1063	1671	1671
4632	4674	0	0	244	844	15516	-367	0	93	1281	1059	1668	1674
4632	4674	0	0	-420	844	15416	-371	106	97	1273	1063	1671	1675
4631	4674	0	0	924	268	15760	-371	147	100	1271	1062	1673	1673
4632	4673	0	0	2008	124	16076	-376	42	95	1279	1064	1673	1670
4632	4673	0	0	752	640	15880	-368	-19	85	1281	1059	1668	1672
4632	4674	0	0	-632	952	15388	-367	55	90	1279	1057	1672	1677
4632	4674	0	0	412	520	15732	-377	140	101	1273	1061	1675	1676
4632	4674	0	0	1872	32	16020	-378	97	87	1272	1062	1673	1672
4632	4674	0	0	1280	356	15980	-367	-10	89	1272	1063	1673	1676
4632	4673	0	0	-440	968	15372	-369	21	88	1281	1056	1670	1673
4632	4673	0	0	-28	764	15640	-373	134	90	1273	1056	1672	1677
4632	4674	0	0	1564	64	15980	-382	113	93	1271	1064	1674	1676
4632	4674	0	0	1632	280	15976	-359	-2	93	1276	1063	1671	1670
4632	4674	0	0	-88	820	15432	-369	-4	98	1275	1060	1673	1675
4632	4674	0	0	-396	876	15612	-368	114	91	1273	1056	1670	1678
4632	4674	0	0	1096	96	15844	-379	143	97	1273	1057	1676	1684
4632	4674	0	0	1940	140	16120	-371	31	97	1269	1063	1673	1675
4632	4674	0	0	524	644	15708	-367	-12	76	1279	1061	1671	1672
4632	4674	0	0	-572	868	15468	-367	81	96	1274	1060	1670	1677
4632	4674	0	0	816	412	15780	-385	147	101	1278	1057	1673	1678
4632	4673	0	0	1892	68	16292	-370	76	98	1276	1060	1673	1675
4631	4674	0	0	940	556	15928	-372	-5	79	1273	1064	1672	1674
4631	4674	0	0	-552	1016	15672	-367	58	93	1276	1062	1668	1674
4632	4674	0	0	260	552	15568	-377	148	103	1280	1056	1669	1673
4632	4674	0	0	1856	-4	16084	-382	87	100	1275	1056	1673	1676
4632	4674	0	0	1352	400	15896	-372	-14	90	1273	1056	1670	1677
4632	4674	0	0	-260	868	15432	-360	30	91	1278	1064	1671	1673
4632	4674	0	0	-44	680	15432	-377	137	106	1278	1062	1669	1674
4632	4673	0	0	1568	28	15996	-382	122	97	1278	1056	1673	1675
4631	4674	0	0	1604	260	16044	-375	6	92	1279	1059	1673	1674
4632	4674	0	0	24	952	15448	-362	2	89	1281	1065	1671	1665
4632	4674	0	0	-324	928	15516	-373	121	100	1278	1062	1670	1669
4632	4674	0	0	1228	80	15948	-375	132	105	1277	1055	1668	1676
4632	4674	0	0	1880	132	16060	-389	17	92	1277	1056	1671	1676
4632	4674	0	0	224	868	15504	-355	-14	90	1272	1060	1674	1674
4632	4674	0	0	-428	912	15528	-377	89	107	1272	1064	1673	1670
4632	4674	0	0	980	292	15712	-389	133	101	1281	1063	1669	1672
4632	4674	0	0	1864	164	15968	-372	45	86	1279	1070	1673	1670
4632	4674	0	0	352	800	15740	-369	-10	93	1275	1055	1673	1678
4632	4674	0	0	424	516	15676	-377	140	104	1274	1064	1675	1672
4632	4674	0	0	1808	52	16004	-376	83	98	1274	1063	1672	1673
4632	4674	0	0	952	564	15928	-375	-18	89	1281	1060	1669	1673
4632	4673	0	0	-456	1020	15248	-378	46	92	1272	1058	1672	1676
4632	4674	0	0	360	584	15568	-379	144	109	1278	1056	1673	1677
4632	4674	0	0	1840	40	16100	-387	87	88	1275	1058	1674	1674
4632	4674	0	0	1092	456	15872	-367	-4	86	1274	1065	1673	1673
4632	4674	0	0	-472	904	15404	-377	39	97	1280	1062	1669	1673
4632	4673	0	0	200	544	15596	-365	142	104	1281	1058	1668	1670
4632	4674	0	0	1756	40	16060	-380	103	90	1277	1056	1670	1676
4632	4673	0	0	1516	340	15868	-374	2	91	1280	1062	1667	1675
4632	4673	0	0	-344	1032	15456	-369	29	94	1274	1063	1672	1670
4632	4674	0	0	-16	656	15600	-374	138	101	1280	1064	1670	1671
4632	4673	0	0	1616	80	15996	-394	110	104	1280	1057	1669	1672
4632	4673	0	0	1556	276	15928	-378	-7	93	1277	1055	1670	1673
4632	4674	0	0	-56	972	15520	-371	16	95	1276	1064	1674	1672
4632	4674	0	0	-328	864	15424	-369	117	96	1271	1062	1674	1671
4632	4674	0	0	1468	108	16004	-379	126	92	1288	1056	1672	1669
4632	4674	0	0	1692	300	16036	-371	16	81	1279	1060	1669	1670
4632	4673	0	0	148	816	15628	-372	-3	89	1279	1058	1669	1675
4632	4674	0	0	-376	836	15368	-370	108	96	1276	1058	1673	1683
4631	4674	0	0	1152	208	15972	-379	133	107	1275	1062	1669	1673
4632	4673	0	0	1872	144	16196	-376	32	96	1273	1059	1671	1673
4632	4674	0	0	524	608	15668	-371	-19	80	1280	1060	1669	1670
4632	4674	0	0	-540	1008	15460	-374	79	98	1274	1057	1669	1677
4632	4674	0	0	712	360	15876	-376	153	103	1273	1055	1674	1669
4632	4674	0	0	1920	-12	15984	-384	68	87	1273	1060	1674	1672
4632	4674	0	0	864	532	15808	-363	-23	94	1276	1060	1671	1673
4632	4674	0	0	-608	928	15412	-372	51	97	1279	1062	1668	1672
4632	4674	0	0	416	512	15668	-370	155	104	1285	1053	1667	1675
4632	4674	0	0	1824	-44	16044	-373	90	99	1276	1054	1671	1674
4632	4673	0	0	1292	412	15896	-368	-23	86	1273	1058	1673	1675
4632	4674	0	0	-412	868	15364	-378	22	89	1280	1059	1669	1672
4632	4673	0	0	-84	688	15660	-379	128	105	1278	1063	1670	1671
4632	4673	0	0	1760	76	15920	-372	96	91	1277	1060	1667	1673
4632	4673	0	0	1560	344	16056	-370	0	85	1279	1056	1670	1675
4632	4674	0	0	-40	868	15432	-373	13	97	1272	1057	1673	1674
4632	4674	0	0	-232	840	15408	-385	116	88	1274	1059	1673	1675
4632	4674	0	0	1400	140	15880	-380	127	95	1280	1063	1670	1672
4632	4673	0	0	1728	348	16244	-360	25	99	1273	1058	1674	1682
4632	4674	0	0	72	696	15376	-374	-10	105	1279	1067	1669	1676
4632	4673	0	0	-404	912	15552	-370	83	106	1272	1058	1670	1677
4632	4674	0	0	1324	228	15760	-376	159	94	1272	1060	1673	1672
4632	4674	0	0	1792	148	16088	-359	53	90	1276	1062	1684	1671
4632	4674	0	0	380	716	15656	-361	-20	88	1276	1049	1669	1676
4632	4673	0	0	-396	840	15628	-357	125	100	1280	1060	1668	1676
4632	4674	0	0	1316	204	15648	-360	96	110	1276	1058	1670	1677
