0	0	0	10629803	604	204	15752	-444	80	120	1930	1531	1689	1610
0	0	0	10629803	716	320	15600	-389	73	98	1930	1530	1689	1611
0	0	0	10629803	856	444	15668	-365	66	62	1932	1532	1690	1610
0	0	0	10629803	700	564	15640	-312	60	73	1930	1531	1689	1611
0	0	0	10629803	616	676	15672	-296	64	67	1930	1531	1689	1612
0	0	0	10629803	516	732	15504	-289	65	63	1929	1531	1689	1611
0	0	0	10629803	540	772	15508	-286	45	62	1934	1531	1689	1612
0	0	0	10629803	468	892	15416	-317	73	57	1932	1531	1689	1610
0	0	0	10629803	300	952	15512	-360	61	81	1931	1533	1688	1622
0	0	0	10629803	612	552	15476	-288	72	60	1931	1531	1690	1611
0	0	0	10629803	360	572	15812	-431	56	117	1930	1541	1690	1612
0	0	0	10629803	400	296	15828	-462	71	119	1931	1531	1690	1610
0	0	0	10629803	524	344	15852	-447	73	124	1931	1529	1687	1611
0	0	0	10629803	612	420	15780	-428	60	111	1932	1532	1689	1612
0	0	0	10629803	664	248	15720	-398	71	107	1931	1532	1690	1611
0	0	0	10629803	652	412	15636	-347	68	77	1931	1531	1689	1612
0	0	0	10629803	604	576	15664	-306	64	64	1930	1532	1690	1609
0	0	0	10629803	400	740	15660	-295	55	54	1931	1533	1689	1610
0	0	0	10629803	480	856	15436	-292	54	68	1932	1531	1691	1611
0	0	0	10629803	396	756	15568	-329	62	77	1932	1530	1690	1612
0	0	0	10629803	336	648	15544	-379	64	90	1932	1531	1690	1612
0	0	0	10629803	280	584	15900	-440	78	115	1932	1531	1689	1609
0	0	0	10629803	476	444	15904	-469	79	126	1932	1531	1691	1612
0	0	0	10629803	516	292	15812	-444	68	126	1931	1532	1690	1612
0	0	0	10629803	568	396	15692	-413	64	106	1932	1531	1689	1612
0	0	0	10629803	612	440	15744	-356	67	73	1931	1533	1691	1610
0	0	0	10629803	568	624	15548	-307	61	59	1933	1532	1689	1611
0	0	0	10629803	568	728	15540	-279	70	64	1931	1526	1689	1612
0	0	0	10629803	432	868	15420	-298	70	62	1931	1532	1689	1611
0	0	0	10629803	360	720	15560	-339	61	83	1931	1533	1690	1611
0	0	0	10629803	336	576	15752	-406	65	100	1931	1532	1687	1610
0	0	0	10629803	368	440	15888	-442	65	121	1932	1532	1691	1611
0	0	0	10629803	452	412	15888	-460	57	129	1932	1532	1689	1612
0	0	0	10629803	584	296	15864	-423	71	109	1931	1533	1689	1611
0	0	0	10629803	588	304	15868	-428	67	113	1932	1532	1690	1613
0	0	0	10629803	612	444	15600	-383	65	94	1933	1532	1689	1611
0	0	0	10629803	676	640	15788	-315	63	75	1933	1533	1692	1610
0	0	0	10629803	500	752	15684	-288	68	55	1932	1534	1691	1610
0	0	0	10629803	308	804	15676	-300	79	58	1933	1535	1690	1608
0	0	0	10629803	400	680	15708	-338	73	81	1932	1532	1691	1612
0	0	0	10629803	352	604	15648	-396	67	112	1933	1533	1690	1611
0	0	0	10629803	388	460	15780	-437	79	120	1932	1532	1692	1609
0	0	0	10629803	552	420	15756	-436	66	129	1932	1534	1689	1612
0	0	0	10629803	648	404	15884	-397	69	98	1932	1533	1693	1610
0	0	0	10629803	612	556	15544	-335	53	59	1932	1533	1693	1610
0	0	0	10629803	524	740	15744	-288	67	42	1931	1533	1694	1612
0	0	0	10629803	464	780	15568	-289	67	71	1933	1535	1694	1612
0	0	0	10629803	376	660	15548	-344	80	80	1934	1534	1696	1611
0	0	0	10629803	384	572	15836	-402	82	122	1931	1535	1698	1612
0	0	0	10629803	416	488	15816	-447	72	138	1931	1529	1692	1612
0	0	0	10629803	624	444	15752	-430	73	113	1932	1535	1697	1614
0	0	0	10629803	628	488	15504	-368	64	89	1932	1533	1696	1612
0	0	0	10629803	608	648	15440	-306	69	55	1931	1531	1697	1613
0	0	0	10629803	456	888	15348	-299	63	63	1932	1535	1697	1613
0	0	0	10629803	252	696	15532	-360	69	91	1933	1534	1697	1613
0	0	0	10629803	432	436	15840	-413	65	111	1931	1535	1698	1612
0	0	0	10629803	580	376	15976	-443	72	119	1932	1535	1694	1614
0	0	0	10629803	688	436	15916	-421	70	117	1931	1534	1695	1613
0	0	0	10629803	556	580	15804	-351	54	89	1931	1535	1697	1613
0	0	0	10629803	432	760	15512	-294	65	56	1933	1535	1696	1613
0	0	0	10629803	396	752	15432	-306	80	52	1933	1535	1697	1611
0	0	0	10629803	408	692	15544	-354	73	81	1933	1534	1695	1613
0	0	0	10629803	536	460	15684	-439	76	120	1932	1535	1696	1614
0	0	0	10629803	580	320	16008	-456	71	117	1933	1534	1696	1611
0	0	0	10629803	656	360	15940	-401	73	92	1932	1535	1696	1614
0	0	0	10629803	580	740	15780	-325	62	67	1932	1536	1695	1613
0	0	0	10629803	480	776	15440	-290	60	48	1932	1533	1696	1613
0	0	0	10629803	432	696	15392	-329	68	68	1931	1533	1697	1614
0	0	0	10629803	492	544	15496	-402	69	102	1932	1534	1696	1613
0	0	0	10629803	520	564	15740	-453	67	120	1931	1534	1695	1614
0	0	0	10629803	756	408	15828	-434	65	121	1932	1534	1697	1615
0	0	0	10629803	576	428	15696	-365	72	79	1931	1534	1697	1613
0	0	0	10629803	328	676	15576	-293	67	50	1931	1536	1696	1612
0	0	0	10629803	368	792	15432	-307	62	72	1932	1535	1698	1612
0	0	0	10629803	432	560	15536	-372	64	100	1932	1531	1697	1613
0	0	0	10629803	412	416	15624	-439	73	125	1932	1534	1698	1613
0	0	0	10629803	576	396	15736	-442	73	115	1932	1535	1695	1614
0	0	0	10629803	628	652	15484	-380	58	88	1932	1536	1697	1614
0	0	0	10629803	568	716	15848	-306	49	56	1934	1534	1695	1615
0	0	0	10629803	372	736	15552	-310	65	59	1934	1533	1697	1615
0	0	0	10629803	380	656	15568	-358	74	88	1933	1534	1698	1615
0	0	0	10629803	512	508	15812	-438	72	119	1931	1535	1695	1614
0	0	0	10629803	576	368	15872	-439	71	130	1932	1536	1696	1614
0	0	0	10629803	676	456	15820	-383	55	97	1931	1535	1695	1614
0	0	0	10629803	476	684	15680	-309	54	62	1932	1538	1698	1613
0	0	0	10629803	320	900	15544	-305	64	57	1933	1534	1697	1613
0	0	0	10629803	396	704	15508	-363	65	91	1933	1535	1697	1613
0	0	0	10629803	460	264	15684	-435	83	123	1932	1535	1697	1616
0	0	0	10629803	508	400	15752	-434	75	111	1933	1536	1696	1614
0	0	0	10629803	616	684	15728	-366	57	87	1927	1536	1698	1615
0	0	0	10629803	472	824	15808	-303	52	55	1933	1535	1697	1608
0	0	0	10629803	292	768	15572	-299	70	55	1933	1538	1697	1614
0	0	0	10629803	416	448	15616	-379	74	82	1931	1535	1698	1614
0	0	0	10629803	484	440	15784	-444	72	120	1932	1535	1696	1613
0	0	0	10629803	652	436	15768	-428	56	125	1931	1535	1697	1615
0	0	0	10629803	612	676	15600	-343	83	86	1941	1536	1698	1613
0	0	0	10629803	520	756	15656	-296	68	57	1932	1532	1698	1613
0	0	0	10629803	352	684	15440	-328	73	71	1932	1535	1698	1613
0	0	0	10629803	384	528	15720	-411	80	99	1931	1537	1697	1614
0	0	0	10629803	568	372	15804	-441	68	112	1933	1535	1697	1615
0	0	0	10629803	644	508	15716	-394	70	95	1932	1537	1693	1614
0	0	0	10629803	608	844	15504	-313	59	60	1932	1536	1697	1614
0	0	0	10629803	400	836	15520	-307	63	62	1933	1535	1698	1613
0	0	0	10629803	256	640	15632	-383	74	84	1934	1536	1695	1613
0	0	0	10629803	572	372	15704	-438	76	127	1932	1536	1697	1614
0	0	0	10629803	552	552	15736	-418	77	111	1932	1534	1696	1613
0	0	0	10629803	540	840	15808	-335	46	63	1932	1536	1697	1614
0	0	0	10629803	392	772	15388	-295	65	53	1932	1535	1696	1612
0	0	0	10629803	332	472	15432	-352	69	85	1933	1536	1697	1613
0	0	0	10629803	576	308	15772	-430	86	118	1933	1536	1698	1613
0	0	0	10629803	724	460	15684	-420	69	116	1932	1535	1699	1614
0	0	0	10629803	500	728	15800	-346	52	80	1931	1535	1698	1614
0	0	0	10629803	432	716	15620	-304	64	54	1928	1535	1697	1615
0	0	0	10629803	356	636	15356	-360	75	89	1931	1537	1698	1613
0	0	0	10629803	560	168	15820	-425	67	118	1930	1535	1696	1613
0	0	0	10629803	664	588	15780	-416	64	115	1932	1536	1698	1614
0	0	0	10629803	492	780	15720	-342	52	77	1932	1533	1697	1613
0	0	0	10629803	424	756	15384	-303	67	60	1932	1534	1695	1614
0	0	0	10629803	424	468	15340	-371	78	94	1931	1532	1697	1614
0	0	0	10629803	540	352	15940	-425	68	126	1933	1535	1696	1613
0	0	0	10629803	624	484	15776	-403	63	104	1931	1534	1696	1614
0	0	0	10629803	352	756	15840	-326	57	68	1932	1535	1697	1612
0	0	0	10629803	324	864	15472	-308	60	58	1933	1535	1697	1612
0	0	0	10629803	416	460	15592	-388	75	95	1933	1535	1690	1614
0	0	0	10629803	660	280	15800	-443	58	122	1932	1536	1696	1614
0	0	0	10629803	652	476	15760	-400	64	92	1931	1536	1695	1614
0	0	0	10629803	376	920	15748	-319	51	61	1933	1535	1697	1615
0	0	0	10629803	396	700	15408	-327	74	75	1933	1534	1696	1614
0	0	0	10629803	400	620	15332	-346	80	60	1932	1535	1694	1611
0	0	0	10629803	444	376	15656	-421	75	108	1931	1535	1695	1612
0	0	0	10629803	624	472	15800	-422	69	119	1932	1535	1696	1614
0	0	0	10629803	516	808	15884	-354	65	71	1933	1537	1696	1614
0	0	0	10629803	388	776	15400	-314	67	61	1933	1536	1698	1611
0	0	0	10629803	436	480	15444	-368	71	92	1933	1534	1697	1613
0	0	0	10629803	548	360	15748	-424	76	121	1932	1535	1697	1613
0	0	0	10629803	688	464	16060	-402	68	104	1934	1535	1695	1613
0	0	0	10629803	424	748	15640	-340	58	69	1930	1535	1697	1614
0	0	0	10629803	348	812	15440	-325	70	61	1932	1536	1697	1614
0	0	0	10629803	512	504	15736	-388	78	98	1933	1534	1705	1614
0	0	0	10629803	604	404	15964	-421	75	114	1932	1535	1697	1614
0	0	0	10629803	572	708	15736	-372	72	95	1932	1530	1697	1615
0	0	0	10629803	312	856	15620	-316	53	73	1933	1534	1695	1614
0	0	0	10629803	380	604	15364	-359	67	74	1933	1535	1690	1614
0	0	0	10629803	528	184	15584	-412	79	101	1932	1532	1697	1613
0	0	0	10629803	760	476	15760	-412	59	97	1933	1535	1697	1613
0	0	0	10629803	532	840	15896	-334	51	72	1932	1535	1707	1613
0	0	0	10629803	396	808	15336	-337	66	69	1933	1535	1697	1613
0	0	0	10629803	508	344	15520	-403	79	104	1933	1534	1695	1613
0	0	0	10629803	544	296	15888	-410	71	105	1933	1536	1696	1613
0	0	0	10629803	556	704	15936	-354	66	82	1931	1536	1697	1614
0	0	0	10629803	336	876	15608	-330	60	71	1933	1535	1697	1610
0	0	0	10629803	368	564	15508	-375	65	103	1932	1535	1697	1611
0	0	0	10629803	604	344	15696	-419	81	110	1930	1534	1697	1615
0	0	0	10629803	584	772	15824	-379	53	85	1933	1536	1696	1612
0	0	0	10629803	372	820	15920	-320	59	63	1932	1535	1697	1612
0	0	0	10629803	272	628	15356	-369	71	95	1934	1536	1695	1614
0	0	0	10629803	560	236	15532	-408	84	115	1930	1535	1698	1614
0	0	0	10629803	756	652	15928	-379	66	89	1933	1535	1697	1614
0	0	0	10629803	476	916	15932	-334	59	69	1932	1533	1697	1613
0	0	0	10629803	480	608	15528	-354	68	80	1933	1535	1697	1614
0	0	0	10629803	572	344	15500	-402	75	122	1933	1537	1696	1614
0	0	0	10629803	628	564	15728	-386	78	111	1933	1535	1695	1615
0	0	0	10629803	392	780	15796	-336	62	72	1933	1532	1697	1615
0	0	0	10629803	276	576	15580	-339	54	83	1932	1535	1697	1614
0	0	0	10629803	408	452	15616	-416	69	113	1933	1537	1698	1616
0	0	0	10629803	804	420	15636	-400	65	100	1932	1531	1695	1613
0	0	0	10629803	428	748	15908	-328	54	71	1933	1536	1693	1614
0	0	0	10629803	304	704	15688	-358	68	74	1933	1536	1697	1615
0	0	0	10629803	428	444	15460	-407	70	113	1932	1534	1695	1614
0	0	0	10629803	728	620	15612	-398	70	106	1935	1536	1696	1616
0	0	0	10629803	460	824	15772	-329	64	66	1933	1533	1697	1613
0	0	0	10629803	212	708	15552	-344	62	67	1931	1534	1696	1624
0	0	0	10629803	416	444	15620	-422	62	116	1932	1536	1697	1614
0	0	0	10629803	588	484	15684	-391	80	107	1932	1535	1709	1613
0	0	0	10629803	540	768	15864	-323	67	56	1933	1534	1697	1615
0	0	0	10629803	412	684	15600	-352	58	80	1932	1537	1698	1614
0	0	0	10629803	568	448	15596	-418	69	114	1933	1535	1697	1613
0	0	0	10629803	828	652	15476	-380	63	103	1932	1535	1697	1613
0	0	0	10629803	476	844	15816	-319	72	60	1931	1536	1698	1615
0	0	0	10629803	508	460	15640	-380	62	83	1940	1535	1696	1612
0	0	0	10629803	668	260	15668	-429	72	122	1931	1535	1696	1614
0	0	0	10629803	696	784	15772	-355	71	92	1933	1535	1697	1614
0	0	0	10629803	316	880	15820	-319	66	73	1934	1536	1696	1613
0	0	0	10629803	464	368	15464	-400	65	103	1932	1536	1698	1613
0	0	0	10629803	600	384	15548	-418	63	123	1933	1537	1696	1614
0	0	0	10629803	360	908	15772	-331	64	60	1932	1536	1698	1614
0	0	0	10629803	308	568	15616	-354	68	79	1933	1534	1695	1611
0	0	0	10629803	512	224	15592	-426	74	114	1932	1532	1698	1614
0	0	0	10629803	576	708	15680	-367	63	91	1933	1534	1698	1615
0	0	0	10629803	280	824	15760	-311	68	71	1933	1535	1697	1614
0	0	0	10629803	432	428	15612	-399	60	88	1932	1533	1697	1614
0	0	0	10629803	628	396	15768	-420	71	111	1933	1536	1696	1614
0	0	0	10629803	500	968	15692	-318	68	55	1933	1535	1697	1614
0	0	0	10629803	488	452	15472	-352	73	68	1932	1536	1697	1613
0	0	0	10629803	592	376	15640	-435	64	129	1933	1535	1696	1612
0	0	0	10629803	528	792	15856	-362	63	89	1933	1535	1697	1614
0	0	0	10629803	308	768	15656	-329	72	55	1931	1535	1697	1615
0	0	0	10629803	456	212	15592	-414	71	111	1932	1541	1697	1614
0	0	0	10629803	556	544	15744	-389	62	112	1932	1535	1695	1610
0	0	0	10629803	436	808	15812	-308	62	66	1933	1535	1696	1613
0	0	0	10629803	628	260	15596	-363	75	92	1932	1534	1698	1615
0	0	0	10629803	604	448	15556	-422	64	112	1931	1531	1696	1613
0	0	0	10629803	432	964	15904	-329	61	86	1927	1535	1697	1614
0	0	0	10629803	448	400	15460	-348	77	80	1934	1535	1695	1614
0	0	0	10629803	536	280	15844	-420	67	105	1933	1534	1695	1615
0	0	0	10629803	468	940	15688	-355	65	78	1931	1533	1696	1613
0	0	0	10629803	380	716	15512	-328	73	76	1933	1535	1696	1614
0	0	0	10629803	568	204	15664	-418	64	116	1932	1534	1697	1613
0	0	0	10629803	568	772	15684	-380	68	102	1932	1537	1696	1614
0	0	0	10629803	372	860	15660	-307	65	70	1931	1533	1696	1613
0	0	0	10629803	540	60	15648	-399	80	93	1931	1534	1696	1614
0	0	0	10629803	536	640	15760	-404	75	106	1932	1535	1698	1613
0	0	0	10629803	424	952	15628	-313	66	59	1932	1535	1697	1614
0	0	0	10629803	532	344	15568	-377	75	100	1931	1535	1696	1613
0	0	0	10629803	596	368	15760	-413	75	116	1931	1535	1697	1613
0	0	0	10629803	328	1020	15840	-317	58	77	1934	1536	1696	1613
0	0	0	10629803	556	512	15620	-355	68	70	1932	1547	1695	1613
0	0	0	10629803	704	380	15684	-421	74	127	1933	1535	1697	1614
0	0	0	10629803	364	844	15760	-338	76	80	1931	1537	1696	1607
0	0	0	10629803	408	516	15628	-347	80	77	1932	1535	1697	1614
0	0	0	10629803	636	216	15784	-424	65	117	1933	1536	1696	1611
0	0	0	10629803	404	836	15740	-361	65	88	1932	1534	1697	1614
0	0	0	10629803	276	780	15596	-331	63	65	1934	1534	1696	1614
0	0	0	10629803	548	72	15732	-421	69	123	1932	1535	1696	1612
0	0	0	10629803	592	676	15908	-367	61	90	1933	1534	1697	1615
0	0	0	10629803	300	964	15720	-332	67	79	1933	1535	1695	1614
0	0	0	10629803	548	104	15744	-413	79	113	1932	1535	1695	1615
0	0	0	10629803	528	764	15584	-374	69	89	1932	1535	1696	1615
0	0	0	10629803	380	912	15772	-323	64	65	1933	1531	1697	1614
0	0	0	10629803	652	196	15732	-409	73	113	1933	1535	1696	1614
0	0	0	10629803	596	680	15712	-378	69	85	1933	1535	1697	1612
0	0	0	10629803	364	976	15456	-328	67	58	1931	1532	1696	1614
0	0	0	10629803	644	128	15736	-412	69	110	1932	1536	1697	1613
0	0	0	10629803	448	744	15816	-365	54	95	1931	1535	1696	1614
0	0	0	10629803	336	764	15656	-329	58	58	1934	1534	1696	1614
0	0	0	10629803	620	276	15612	-418	73	109	1932	1535	1703	1614
0	0	0	10629803	584	784	15676	-383	61	92	1932	1534	1697	1613
0	0	0	10629803	356	516	15544	-337	70	71	1932	1534	1695	1614
0	0	0	10629803	588	304	15684	-424	70	113	1932	1536	1695	1615
0	0	0	10629803	436	1064	15716	-353	62	76	1932	1535	1696	1614
0	0	0	10629803	572	520	15548	-359	69	77	1932	1537	1698	1613
0	0	0	10629803	564	232	15680	-406	72	112	1934	1536	1697	1613
0	0	0	10629803	372	1068	15708	-336	61	67	1932	1535	1697	1612
0	0	0	10629803	660	292	15640	-382	76	87	1933	1535	1697	1615
0	0	0	10629803	552	516	15844	-394	72	101	1933	1537	1697	1614
0	0	0	10629803	300	876	15768	-329	57	67	1932	1537	1698	1612
0	0	0	10629803	540	392	15728	-365	80	78	1933	1535	1698	1614
0	0	0	10629803	636	412	15796	-399	46	112	1932	1536	1697	1614
0	0	0	10629803	276	944	15624	-329	75	56	1933	1535	1697	1614
0	0	0	10629803	624	128	15688	-389	79	95	1934	1536	1698	1615
0	0	0	10629803	444	808	15844	-365	59	99	1933	1535	1692	1615
0	0	0	10629803	436	812	15556	-341	70	75	1933	1536	1696	1615
0	0	0	10629803	584	180	15684	-419	62	108	1932	1535	1697	1615
0	0	0	10629803	328	928	15660	-348	58	71	1933	1531	1697	1614
0	0	0	10629803	552	328	15564	-373	89	89	1932	1534	1697	1614
0	0	0	10629803	612	528	15604	-398	68	100	1934	1535	1698	1615
0	0	0	10629803	328	932	15664	-334	71	74	1932	1533	1696	1614
0	0	0	10629803	580	36	15748	-405	74	109	1932	1540	1697	1613
0	0	0	10629803	324	896	15840	-362	62	85	1932	1536	1698	1613
0	0	0	10629803	444	388	15584	-356	70	74	1934	1534	1698	1614
0	0	0	10629803	612	440	15820	-411	61	104	1933	1536	1693	1611
0	0	0	10629803	300	1188	15764	-347	70	67	1931	1535	1696	1614
0	0	0	10629803	656	180	15800	-402	67	90	1932	1536	1697	1614
0	0	0	10629803	392	796	15628	-364	55	70	1932	1535	1697	1615
0	0	0	10629803	540	592	15540	-356	90	65	1933	1535	1697	1612
0	0	0	10629803	744	276	15752	-406	75	109	1933	1536	1697	1614
0	0	0	10629803	328	1092	15700	-338	69	77	1932	1537	1698	1615
0	0	0	10629803	672	80	15748	-403	74	104	1932	1535	1697	1613
0	0	0	10629803	248	1052	15608	-361	69	83	1932	1537	1698	1615
0	0	0	10629803	576	448	15452	-368	70	82	1932	1549	1697	1613
0	0	0	10629803	624	272	15652	-393	67	105	1932	1535	1696	1613
0	0	0	10629803	212	856	15732	-339	72	63	1931	1536	1698	1613
0	0	0	10629803	660	216	15768	-406	71	107	1933	1536	1696	1614
0	0	0	10629803	380	1140	15616	-352	73	82	1933	1535	1697	1614
0	0	0	10629803	712	292	15492	-384	78	93	1932	1535	1696	1615
0	0	0	10629803	564	712	15724	-385	64	93	1932	1535	1696	1615
0	0	0	10629803	476	768	15704	-355	72	69	1934	1537	1697	1612
0	0	0	10629803	592	276	15688	-403	66	111	1934	1535	1697	1614
0	0	0	10629803	192	1032	15928	-341	73	66	1932	1531	1697	1613
0	0	0	10629803	588	160	15680	-387	73	97	1932	1535	1700	1614
0	0	0	10629803	360	912	15852	-362	68	77	1933	1535	1695	1613
0	0	0	10629803	596	492	15460	-377	72	90	1931	1536	1691	1613
0	0	0	10629803	556	368	15812	-384	71	112	1932	1535	1694	1612
0	0	0	10629803	520	904	15608	-347	69	68	1932	1535	1696	1614
0	0	0	10629803	624	172	15940	-402	65	100	1933	1536	1697	1614
0	0	0	10629803	220	1124	15684	-350	62	76	1931	1535	1693	1614
0	0	0	10629803	524	128	15696	-390	70	105	1935	1535	1697	1613
0	0	0	10629803	404	856	15716	-358	66	74	1932	1536	1696	1614
0	0	0	10629803	700	420	15648	-374	78	75	1932	1537	1697	1613
0	0	0	10629803	384	600	15560	-383	59	103	1933	1534	1696	1611
0	0	0	10629803	472	744	15600	-338	63	81	1933	1532	1696	1612
0	0	0	10629803	592	60	15936	-404	65	102	1931	1537	1695	1613
0	0	0	10629803	236	1004	15628	-338	65	66	1932	1537	1696	1612
0	0	0	10629803	724	260	15804	-402	76	99	1929	1537	1698	1613
0	0	0	10629803	364	1096	15824	-350	62	102	1934	1534	1695	1614
0	0	0	10629803	748	212	15580	-390	75	95	1932	1535	1697	1613
0	0	0	10629803	436	544	15824	-359	57	90	1930	1534	1697	1614
0	0	0	10629803	636	700	15740	-370	64	82	1932	1535	1696	1614
