4635	4787	0	0	620	1560	14912	-355	82	69	1759	1437	1261	1247
4635	4787	0	0	868	792	15484	-375	75	112	1761	1437	1261	1247
4634	4787	0	0	440	-292	16056	-355	59	125	1761	1439	1262	1250
4634	4787	0	0	-8	-136	16280	-361	60	100	1760	1433	1263	1248
4634	4787	0	0	348	872	15444	-403	93	54	1760	1437	1263	1247
4634	4787	0	0	600	1464	14944	-396	77	68	1760	1438	1263	1248
4634	4788	0	0	812	1192	15200	-352	77	109	1761	1438	1263	1243
4634	4787	0	0	660	168	15724	-346	66	134	1760	1438	1259	1249
4634	4787	0	0	128	-292	16436	-366	52	118	1760	1438	1263	1248
4634	4788	0	0	92	100	16188	-403	69	78	1759	1438	1264	1249
4635	4787	0	0	488	1096	15128	-390	75	54	1760	1449	1261	1250
4634	4788	0	0	576	1516	14912	-375	69	80	1758	1438	1263	1246
4634	4787	0	0	704	800	15508	-353	67	112	1760	1438	1263	1249
4634	4788	0	0	568	-56	16096	-341	70	133	1760	1438	1264	1247
4634	4787	0	0	244	-360	16476	-374	54	98	1760	1434	1263	1249
4634	4787	0	0	176	348	15940	-407	70	65	1760	1439	1261	1250
4634	4788	0	0	416	1248	14984	-396	80	47	1760	1437	1263	1249
4634	4788	0	0	260	-408	16468	-365	54	130	1760	1439	1261	1248
4634	4787	0	0	512	-80	16056	-359	60	132	1757	1438	1262	1249
4634	4787	0	0	120	-288	16700	-383	62	107	1760	1438	1264	1247
4634	4788	0	0	256	332	16056	-391	66	57	1757	1436	1263	1249
4634	4788	0	0	404	1328	15104	-391	86	50	1760	1438	1262	1249
4634	4787	0	0	564	1508	14952	-360	65	72	1762	1438	1262	1260
4634	4788	0	0	704	792	15432	-352	69	117	1760	1437	1263	1250
4634	4787	0	0	440	-84	16096	-361	56	133	1761	1433	1263	1249
4634	4787	0	0	168	-308	16268	-384	70	98	1759	1436	1262	1246
4635	4787	0	0	176	376	15880	-395	74	62	1760	1439	1262	1248
4635	4788	0	0	516	1356	15024	-397	82	56	1761	1432	1262	1257
4634	4788	0	0	748	1400	15128	-378	77	93	1759	1435	1263	1249
4634	4787	0	0	816	596	15536	-351	65	119	1761	1437	1263	1249
4634	4788	0	0	472	-152	16116	-363	56	116	1762	1437	1264	1248
4635	4787	0	0	16	-196	16508	-374	57	95	1760	1436	1267	1250
4634	4787	0	0	276	520	15872	-403	75	61	1759	1438	1263	1249
4635	4788	0	0	568	1448	14956	-396	79	52	1758	1438	1261	1248
4635	4788	0	0	756	1300	15004	-364	82	89	1760	1440	1263	1250
4634	4787	0	0	752	516	15556	-345	72	120	1760	1437	1262	1250
4634	4788	0	0	444	-200	16276	-356	47	116	1759	1436	1264	1249
4635	4788	0	0	72	-184	16552	-386	75	92	1771	1438	1264	1248
4634	4788	0	0	320	652	15596	-408	70	61	1760	1438	1262	1250
4635	4791	0	0	524	1444	14908	-387	73	47	1761	1435	1263	1249
4635	4787	0	0	572	1276	15220	-358	79	90	1760	1437	1261	1247
4635	4787	0	0	684	424	15476	-353	65	128	1759	1438	1262	1249
4635	4787	0	0	660	592	15480	-351	68	122	1757	1433	1261	1248
4634	4788	0	0	400	-212	16192	-367	55	127	1759	1437	1262	1249
4634	4788	0	0	0	-180	16392	-398	67	91	1754	1436	1262	1249
4635	4788	0	0	436	716	15804	-404	73	62	1760	1437	1262	1249
4634	4787	0	0	532	1448	14808	-389	78	48	1761	1432	1263	1249
4634	4787	0	0	680	1220	15152	-367	69	90	1759	1437	1264	1248
4634	4787	0	0	700	436	15700	-358	62	122	1759	1437	1263	1242
4633	4787	0	0	392	-280	16260	-353	59	130	1759	1437	1262	1248
4635	4787	0	0	144	-112	16300	-375	67	86	1760	1438	1263	1248
4634	4787	0	0	404	776	15340	-407	85	56	1760	1437	1262	1248
4634	4787	0	0	540	1460	14980	-384	78	58	1760	1436	1263	1249
4635	4787	0	0	704	1124	15300	-363	64	103	1759	1437	1260	1249
4634	4787	0	0	616	212	15708	-349	58	137	1760	1438	1263	1247
4634	4787	0	0	196	-340	16444	-364	52	122	1759	1437	1263	1250
4634	4787	0	0	60	116	16328	-382	65	81	1759	1433	1264	1248
4635	4787	0	0	524	1104	15136	-406	80	61	1755	1436	1270	1246
4635	4787	0	0	500	1520	14988	-386	82	71	1760	1437	1263	1247
4634	4787	0	0	732	1072	15212	-353	66	107	1760	1437	1261	1249
4635	4787	0	0	648	4	16092	-352	48	129	1759	1437	1261	1248
4634	4787	0	0	200	-340	16532	-379	53	108	1761	1437	1262	1249
4634	4787	0	0	60	248	16084	-408	64	76	1760	1438	1262	1250
4634	4787	0	0	560	1160	15016	-399	80	50	1760	1437	1262	1250
4635	4787	0	0	588	1432	15084	-369	76	74	1755	1437	1262	1248
4635	4787	0	0	796	716	15320	-360	77	112	1759	1437	1263	1247
4635	4787	0	0	412	-180	16076	-361	57	126	1760	1437	1262	1247
4634	4787	0	0	28	-176	16432	-377	66	101	1760	1434	1262	1248
4634	4787	0	0	220	604	15716	-396	73	59	1758	1433	1263	1248
4634	4787	0	0	520	1408	14952	-396	75	64	1758	1438	1262	1248
4635	4787	0	0	712	1332	15052	-356	63	87	1761	1437	1262	1248
4635	4787	0	0	612	396	15676	-346	47	126	1759	1431	1262	1250
4634	4787	0	0	204	-328	16252	-369	67	118	1760	1437	1262	1248
4634	4787	0	0	4	4	16252	-390	68	88	1759	1437	1264	1247
4635	4787	0	0	520	1060	15292	-403	89	58	1760	1436	1264	1249
4635	4786	0	0	580	1392	14912	-384	68	73	1770	1438	1259	1247
4634	4787	0	0	704	868	15268	-359	72	115	1759	1437	1261	1248
4634	4787	0	0	412	-44	15992	-366	51	124	1758	1438	1264	1246
4634	4787	0	0	112	-208	16316	-377	61	95	1759	1436	1263	1247
4634	4787	0	0	240	544	15760	-408	77	58	1760	1438	1263	1244
4635	4787	0	0	512	1380	14900	-392	70	56	1762	1437	1262	1248
4634	4787	0	0	760	1152	15144	-366	69	98	1753	1438	1275	1251
4634	4786	0	0	656	216	15676	-354	52	134	1762	1438	1262	1246
4634	4787	0	0	196	-308	16384	-384	55	107	1761	1437	1262	1248
4634	4786	0	0	72	232	16196	-389	74	68	1759	1436	1264	1250
4634	4786	0	0	608	1300	14948	-391	90	49	1761	1438	1263	1250
4635	4786	0	0	588	1396	15072	-374	75	87	1756	1447	1263	1249
4634	4787	0	0	760	540	15524	-351	57	119	1760	1436	1264	1247
4634	4786	0	0	304	-188	16336	-364	34	116	1758	1437	1262	1248
4634	4787	0	0	4	136	16244	-398	61	79	1760	1438	1262	1248
4634	4786	0	0	420	1112	15220	-402	93	60	1760	1438	1264	1245
4634	4786	0	0	652	1456	15012	-374	86	78	1760	1436	1262	1249
4635	4786	0	0	876	772	15472	-359	61	112	1764	1438	1262	1249
4635	4786	0	0	360	-220	16192	-361	38	110	1759	1433	1262	1248
4634	4787	0	0	4	-108	16388	-398	69	88	1761	1436	1264	1251
4634	4787	0	0	460	852	15432	-398	81	57	1760	1438	1262	1249
4635	4787	0	0	644	1468	14872	-372	87	76	1761	1439	1263	1247
4634	4786	0	0	632	1468	15056	-383	76	69	1761	1445	1261	1249
4634	4787	0	0	748	908	15376	-359	66	118	1760	1438	1271	1249
4635	4786	0	0	308	-180	16004	-358	52	117	1760	1433	1263	1247
4635	4787	0	0	0	-132	16400	-387	52	94	1760	1438	1263	1249
4635	4786	0	0	332	660	15508	-401	76	57	1760	1438	1263	1247
4634	4787	0	0	720	1468	14944	-371	78	78	1760	1438	1262	1248
4634	4787	0	0	824	876	15244	-356	70	109	1759	1438	1263	1249
4635	4786	0	0	404	-100	16028	-355	54	129	1761	1438	1262	1247
4635	4787	0	0	96	-232	16452	-382	61	91	1760	1431	1262	1247
4634	4787	0	0	408	824	15444	-405	85	65	1761	1436	1256	1248
4635	4787	0	0	560	1488	15020	-385	81	58	1761	1438	1270	1250
4635	4786	0	0	836	1008	15120	-356	75	107	1755	1437	1263	1247
4635	4787	0	0	492	-40	15936	-355	44	131	1759	1438	1264	1252
4634	4786	0	0	108	-336	16372	-375	62	100	1758	1438	1261	1245
4634	4787	0	0	332	644	15688	-401	90	61	1759	1435	1262	1249
4634	4787	0	0	604	1424	14748	-389	78	62	1759	1437	1262	1248
4634	4787	0	0	828	1076	15292	-364	66	98	1762	1438	1262	1249
4634	4786	0	0	632	4	15976	-356	51	121	1761	1438	1261	1249
4634	4786	0	0	112	-220	16456	-379	63	98	1759	1433	1263	1249
4634	4786	0	0	188	616	15684	-398	84	64	1760	1441	1262	1250
4635	4787	0	0	568	1472	14752	-389	80	58	1760	1437	1262	1249
4635	4787	0	0	900	1128	15200	-353	73	101	1760	1436	1263	1249
4634	4787	0	0	504	-36	15896	-344	52	135	1760	1436	1259	1249
4634	4786	0	0	-32	-340	16536	-376	59	99	1759	1438	1263	1249
4634	4787	0	0	248	536	15752	-401	78	63	1760	1435	1262	1248
4634	4787	0	0	548	1484	14916	-389	93	70	1760	1438	1260	1248
4635	4787	0	0	872	1096	15300	-362	85	117	1759	1437	1263	1248
4634	4787	0	0	576	68	15840	-354	55	118	1760	1437	1261	1247
4635	4786	0	0	56	-316	16336	-385	42	115	1760	1437	1262	1248
4634	4787	0	0	184	588	15700	-405	78	44	1760	1436	1263	1243
4634	4786	0	0	572	1492	14920	-388	97	62	1759	1438	1262	1247
4635	4786	0	0	708	1172	15224	-357	63	94	1760	1438	1262	1248
4635	4787	0	0	508	8	15916	-354	51	140	1760	1437	1263	1247
4635	4786	0	0	108	-368	16564	-380	58	110	1759	1435	1262	1249
4635	4787	0	0	224	564	15860	-395	78	57	1761	1435	1262	1249
4634	4786	0	0	392	1436	14868	-378	83	56	1759	1439	1263	1248
4634	4787	0	0	728	1156	15052	-360	76	97	1755	1438	1263	1249
4635	4787	0	0	572	44	15764	-350	57	133	1760	1437	1263	1249
4635	4786	0	0	108	-328	16460	-380	58	113	1759	1436	1263	1244
4635	4786	0	0	176	560	15744	-413	78	59	1760	1437	1262	1248
4634	4786	0	0	604	1468	14920	-394	81	54	1761	1433	1263	1249
4634	4786	0	0	748	1192	15132	-358	76	103	1757	1436	1262	1247
4635	4786	0	0	636	232	15812	-358	53	133	1759	1438	1263	1256
4635	4787	0	0	92	-408	16540	-369	61	116	1761	1436	1259	1248
4634	4787	0	0	172	348	15920	-404	71	61	1759	1438	1260	1247
4634	4787	0	0	600	1312	14956	-383	81	52	1761	1436	1262	1248
4635	4787	0	0	780	1244	15228	-359	70	97	1759	1437	1263	1248
4635	4787	0	0	632	328	15784	-351	60	130	1757	1437	1259	1247
4634	4787	0	0	176	-316	16436	-388	40	120	1760	1437	1261	1248
4635	4787	0	0	200	368	16260	-399	76	69	1760	1437	1263	1246
4635	4787	0	0	524	1340	14952	-392	82	63	1760	1438	1263	1248
4635	4787	0	0	684	1352	15032	-363	77	84	1759	1438	1262	1245
4634	4787	0	0	676	272	15772	-348	62	129	1759	1437	1262	1249
4634	4787	0	0	92	-444	16412	-374	56	116	1759	1436	1263	1249
4635	4787	0	0	36	276	16220	-398	63	66	1759	1437	1273	1249
4634	4787	0	0	548	1256	15152	-394	76	50	1759	1435	1266	1247
4635	4787	0	0	756	1448	15060	-371	69	95	1761	1437	1259	1249
4635	4787	0	0	748	1380	15052	-374	71	94	1760	1436	1271	1247
4635	4787	0	0	620	356	15660	-348	49	123	1755	1435	1263	1248
4635	4787	0	0	136	-340	16344	-373	52	120	1760	1437	1264	1247
4635	4787	0	0	96	364	16180	-395	66	75	1761	1437	1263	1247
4635	4787	0	0	400	1240	14952	-393	98	62	1760	1437	1263	1247
4635	4787	0	0	868	1356	15072	-370	77	75	1760	1433	1262	1247
4635	4787	0	0	724	380	15556	-351	65	120	1760	1437	1264	1247
4635	4788	0	0	312	-376	16364	-371	42	104	1758	1437	1273	1248
4635	4788	0	0	-4	204	16104	-397	67	74	1760	1438	1261	1249
4635	4788	0	0	536	1324	15000	-394	89	52	1760	1439	1263	1248
4639	4787	0	0	628	1308	15088	-370	80	79	1760	1437	1263	1245
4635	4788	0	0	752	432	15672	-352	68	133	1759	1438	1273	1249
4635	4788	0	0	252	-376	16180	-366	40	111	1759	1437	1259	1248
4635	4788	0	0	4	84	16156	-412	58	75	1759	1437	1261	1247
4635	4788	0	0	520	1196	15188	-407	81	55	1761	1438	1262	1251
4634	4788	0	0	616	1372	15064	-366	82	86	1761	1438	1262	1247
4635	4788	0	0	792	492	15692	-358	49	120	1761	1437	1262	1246
4635	4788	0	0	204	-284	16252	-379	46	118	1760	1436	1262	1249
4635	4788	0	0	8	104	16064	-397	65	76	1760	1439	1263	1249
4635	4788	0	0	452	1124	14932	-406	91	65	1759	1438	1262	1247
4635	4788	0	0	624	1224	15056	-375	75	84	1760	1438	1265	1248
4635	4788	0	0	760	696	15644	-350	59	129	1761	1437	1264	1251
4634	4788	0	0	372	-244	16320	-366	46	113	1759	1437	1263	1249
4635	4788	0	0	-32	-40	16304	-389	50	84	1755	1438	1263	1247
4635	4788	0	0	348	876	15220	-415	88	60	1760	1438	1263	1248
4634	4788	0	0	660	1344	14940	-379	80	76	1759	1439	1264	1248
4635	4788	0	0	796	740	15568	-349	58	112	1759	1437	1272	1249
4635	4788	0	0	296	-144	16172	-348	50	123	1759	1433	1263	1247
4635	4788	0	0	20	-44	16312	-390	50	88	1768	1438	1263	1247
4635	4788	0	0	364	760	15388	-400	76	61	1759	1438	1263	1247
4635	4788	0	0	712	1384	15008	-382	94	78	1760	1434	1262	1248
4634	4788	0	0	816	856	15436	-361	78	106	1759	1438	1263	1247
4635	4788	0	0	528	-24	16044	-359	31	123	1759	1436	1262	1248
4635	4788	0	0	-80	-128	16364	-391	52	88	1761	1438	1261	1247
4635	4788	0	0	256	748	15472	-402	89	53	1759	1438	1260	1248
4635	4788	0	0	588	1452	14912	-390	88	74	1761	1437	1262	1248
4635	4788	0	0	884	988	15116	-358	78	108	1760	1437	1262	1249
4635	4788	0	0	476	-36	15880	-351	46	122	1759	1438	1261	1249
4635	4788	0	0	32	-324	16520	-382	49	90	1761	1437	1263	1246
4635	4788	0	0	168	536	15684	-396	72	59	1761	1437	1262	1248
4635	4788	0	0	476	1532	14884	-383	95	63	1761	1440	1263	1250
4635	4788	0	0	920	1164	15336	-358	79	103	1760	1437	1263	1247
4635	4788	0	0	588	244	15644	-346	44	117	1760	1437	1262	1249
4635	4788	0	0	180	-268	16364	-390	39	105	1760	1439	1264	1250
4635	4788	0	0	244	380	15768	-404	80	65	1760	1438	1263	1249
4635	4788	0	0	576	1264	14952	-397	91	62	1756	1435	1264	1250
4635	4788	0	0	724	1204	15300	-369	79	95	1766	1444	1262	1249
4635	4788	0	0	616	380	15844	-357	45	120	1759	1437	1266	1248
4635	4788	0	0	164	-316	16520	-391	49	104	1754	1437	1262	1248
4635	4788	0	0	264	320	15792	-423	63	65	1760	1438	1263	1250
4635	4788	0	0	444	1160	14872	-383	87	56	1761	1435	1264	1250
4635	4788	0	0	732	1220	15248	-358	73	93	1760	1438	1263	1249
4635	4787	0	0	636	420	15640	-373	60	119	1761	1432	1262	1248
4635	4788	0	0	148	-272	16460	-388	35	110	1759	1438	1262	1249
4635	4787	0	0	328	344	15860	-389	61	77	1759	1436	1262	1247
4635	4788	0	0	0	1004	14860	-424	59	66	1760	1438	1264	1249
4635	4787	0	0	448	1052	15204	-419	126	88	1760	1436	1261	1249
4635	4787	0	0	452	1076	15064	-337	105	80	1758	1437	1263	1248
4635	4788	0	0	796	768	15324	-326	87	123	1759	1437	1262	1248
4635	4788	0	0	308	-292	16180	-378	27	118	1759	1436	1262	1249
4635	4788	0	0	-240	248	16476	-381	58	72	1759	1438	1263	1248
4635	4788	0	0	448	932	15204	-325	75	61	1760	1438	1263	1250
4635	4788	0	0	540	1624	14988	-343	91	73	1759	1439	1263	1247
