4637	4678	0	0	40	924	15716	-358	10	101	1276	1060	1440	1417
4637	4678	0	0	488	396	15468	-374	129	97	1280	1058	1428	1414
4637	4678	0	0	1380	212	15856	-390	79	91	1274	1060	1433	1416
4637	4677	0	0	1184	472	16152	-364	12	93	1276	1056	1431	1420
4637	4678	0	0	128	956	15656	-360	57	91	1279	1062	1428	1415
4637	4678	0	0	-160	640	15388	-381	103	89	1273	1062	1432	1416
4637	4677	0	0	1020	180	15656	-381	96	93	1278	1061	1429	1416
4637	4678	0	0	1552	340	16132	-382	57	87	1279	1063	1427	1414
4637	4677	0	0	560	768	16004	-358	13	94	1273	1064	1432	1417
4637	4678	0	0	-196	952	15524	-373	60	104	1273	1056	1427	1419
4637	4678	0	0	636	392	15556	-385	119	94	1280	1059	1426	1414
4637	4677	0	0	1396	144	15844	-379	96	108	1276	1064	1429	1413
4637	4677	0	0	916	548	15952	-348	0	84	1273	1058	1428	1420
4637	4678	0	0	48	952	15584	-376	23	87	1282	1064	1427	1415
4637	4677	0	0	200	668	15448	-388	116	94	1269	1056	1434	1417
4637	4678	0	0	1144	4	15712	-387	103	101	1277	1054	1427	1417
4637	4677	0	0	1484	316	15972	-363	33	98	1278	1061	1431	1415
4637	4677	0	0	288	912	15796	-357	16	91	1272	1062	1431	1420
4637	4677	0	0	-60	772	15564	-372	76	107	1274	1061	1430	1413
4637	4678	0	0	912	296	15480	-394	125	100	1278	1062	1433	1413
4637	4678	0	0	1460	128	16036	-375	62	92	1270	1060	1431	1419
4637	4677	0	0	760	680	15972	-357	10	97	1279	1060	1428	1414
4637	4678	0	0	-192	1024	15492	-368	40	94	1274	1064	1428	1414
4637	4677	0	0	512	496	15476	-380	109	88	1275	1058	1430	1418
4637	4677	0	0	1420	-16	15896	-380	82	85	1280	1056	1427	1416
4637	4677	0	0	1056	536	16044	-358	14	93	1272	1064	1430	1416
4637	4678	0	0	-216	908	15520	-369	32	87	1273	1055	1428	1420
4637	4677	0	0	308	620	15336	-386	103	92	1280	1058	1426	1413
4637	4678	0	0	1304	328	15792	-381	104	96	1280	1063	1429	1416
4637	4678	0	0	1380	292	16236	-374	34	101	1275	1055	1428	1418
4637	4678	0	0	252	880	15756	-361	15	102	1279	1060	1427	1417
4637	4678	0	0	-12	856	15644	-379	77	92	1272	1057	1434	1418
4637	4677	0	0	940	328	15520	-382	119	93	1280	1055	1431	1419
4637	4678	0	0	1428	300	16060	-376	64	93	1278	1062	1431	1414
4637	4678	0	0	624	712	15844	-359	9	90	1271	1061	1431	1420
4637	4677	0	0	-140	996	15504	-371	56	100	1273	1064	1430	1413
4637	4677	0	0	624	424	15392	-403	119	89	1275	1064	1433	1414
4637	4678	0	0	1496	72	15956	-381	88	88	1273	1057	1433	1421
4637	4677	0	0	964	540	16036	-360	17	88	1281	1064	1428	1416
4637	4677	0	0	-100	868	15404	-365	34	88	1273	1065	1429	1417
4637	4678	0	0	288	612	15516	-386	107	97	1275	1056	1436	1414
4637	4677	0	0	1308	176	15828	-390	102	92	1280	1058	1429	1414
4637	4677	0	0	1348	280	16024	-373	28	87	1270	1063	1434	1416
4637	4678	0	0	64	876	15652	-367	21	92	1278	1058	1427	1419
4637	4677	0	0	-72	756	15448	-372	89	93	1279	1066	1428	1415
4637	4677	0	0	1056	140	15600	-394	115	84	1273	1059	1431	1418
4637	4678	0	0	1524	228	16124	-372	43	100	1279	1055	1429	1418
4637	4678	0	0	516	728	15844	-366	14	95	1282	1058	1432	1418
4637	4678	0	0	-176	916	15468	-372	63	102	1272	1060	1431	1420
4637	4678	0	0	748	424	15532	-395	121	94	1279	1057	1428	1415
4637	4678	0	0	1576	116	15976	-387	74	92	1275	1063	1433	1416
4637	4678	0	0	856	688	16056	-360	16	87	1273	1057	1433	1419
4637	4678	0	0	-36	924	15604	-373	46	91	1272	1062	1433	1415
4637	4677	0	0	304	484	15428	-389	108	92	1274	1063	1433	1417
4637	4677	0	0	1436	68	15796	-374	95	96	1277	1056	1432	1418
4637	4677	0	0	1188	328	16176	-359	32	92	1280	1065	1429	1413
4637	4678	0	0	12	796	15760	-368	29	96	1270	1062	1433	1419
4637	4678	0	0	-40	612	15548	-386	90	94	1274	1056	1434	1418
4637	4678	0	0	1092	44	15688	-381	109	92	1276	1062	1428	1415
4637	4678	0	0	1560	256	15992	-362	51	96	1271	1057	1435	1419
4637	4678	0	0	416	840	15796	-350	14	91	1281	1063	1428	1417
4637	4678	0	0	-268	880	15324	-372	76	95	1274	1064	1432	1415
4637	4678	0	0	756	404	15424	-385	112	107	1274	1053	1428	1421
4637	4677	0	0	1492	152	15832	-377	78	99	1280	1061	1427	1413
4637	4678	0	0	900	540	16036	-363	26	95	1281	1056	1428	1421
4637	4677	0	0	-92	944	15320	-360	36	93	1278	1052	1429	1418
4637	4677	0	0	272	540	15440	-390	94	91	1276	1063	1430	1414
4637	4678	0	0	1264	68	15696	-379	101	104	1272	1059	1430	1421
4637	4678	0	0	1436	316	16060	-378	29	100	1280	1058	1428	1413
4637	4677	0	0	292	664	15736	-365	19	92	1275	1064	1429	1415
4637	4678	0	0	-160	780	15416	-376	78	98	1275	1054	1427	1420
4637	4678	0	0	692	260	15556	-397	118	104	1272	1061	1427	1417
4637	4678	0	0	1500	100	16028	-378	56	90	1271	1061	1434	1419
4637	4677	0	0	884	644	15872	-378	19	95	1279	1057	1428	1416
4637	4677	0	0	-84	868	15588	-377	52	90	1276	1060	1431	1417
4637	4678	0	0	252	480	15536	-387	105	99	1274	1057	1433	1420
4637	4677	0	0	1432	112	15800	-374	96	96	1276	1059	1429	1417
4637	4677	0	0	1396	396	16212	-370	39	83	1272	1063	1434	1421
4637	4678	0	0	348	788	15904	-357	23	94	1278	1056	1431	1421
4637	4677	0	0	-96	760	15528	-387	81	93	1277	1063	1431	1414
4637	4678	0	0	732	312	15584	-384	112	99	1272	1057	1433	1419
4637	4677	0	0	1460	192	16116	-365	84	97	1276	1062	1432	1414
4637	4678	0	0	1000	460	15908	-368	14	99	1272	1063	1432	1417
4637	4677	0	0	-216	808	15364	-360	48	89	1277	1055	1430	1421
4637	4677	0	0	256	496	15532	-390	90	100	1277	1061	1430	1414
4637	4678	0	0	1224	128	15800	-390	99	100	1272	1057	1432	1417
4637	4678	0	0	1368	268	16004	-366	39	90	1271	1056	1430	1420
4637	4678	0	0	420	748	15816	-375	13	101	1273	1061	1442	1416
4637	4677	0	0	-236	868	15444	-375	70	99	1277	1055	1429	1420
4637	4678	0	0	648	356	15584	-382	126	91	1278	1061	1430	1415
4637	4678	0	0	1476	124	16056	-385	79	92	1271	1059	1433	1410
4637	4677	0	0	932	540	15968	-364	28	85	1280	1062	1426	1415
4637	4678	0	0	-16	880	15660	-376	35	95	1267	1064	1433	1418
4637	4677	0	0	64	628	15604	-367	99	98	1274	1063	1429	1414
4637	4677	0	0	1124	200	15652	-386	106	99	1276	1063	1427	1415
4637	4678	0	0	1576	380	16356	-382	46	93	1273	1057	1433	1417
4637	4678	0	0	552	760	15756	-369	15	90	1280	1062	1425	1417
4637	4677	0	0	-144	844	15388	-383	59	95	1271	1062	1433	1417
4637	4678	0	0	592	416	15496	-386	121	94	1270	1052	1432	1418
4637	4678	0	0	1448	184	15920	-392	85	90	1277	1063	1428	1415
4637	4677	0	0	1220	456	16076	-362	18	95	1272	1056	1431	1419
4637	4678	0	0	48	804	15716	-382	31	84	1281	1059	1427	1415
4637	4677	0	0	76	600	15228	-373	100	94	1270	1060	1433	1418
4637	4677	0	0	1112	192	15632	-379	98	90	1277	1058	1430	1416
4637	4678	0	0	1536	296	16076	-370	45	104	1275	1063	1430	1413
4637	4678	0	0	508	776	15852	-361	7	95	1275	1058	1429	1416
4637	4678	0	0	-232	876	15492	-365	60	101	1278	1060	1425	1414
4637	4677	0	0	560	484	15496	-378	113	89	1269	1058	1434	1415
4637	4677	0	0	1424	248	15852	-377	98	91	1279	1054	1427	1416
4637	4677	0	0	1144	408	16140	-367	18	95	1273	1059	1432	1418
4637	4677	0	0	64	892	15764	-362	23	98	1281	1061	1429	1425
4637	4677	0	0	12	692	15408	-384	92	96	1278	1064	1430	1415
4637	4678	0	0	916	292	15700	-385	107	95	1272	1057	1431	1419
4637	4678	0	0	1436	232	16048	-387	57	90	1280	1058	1429	1414
4637	4677	0	0	688	700	15868	-357	18	95	1271	1061	1444	1415
4637	4678	0	0	-224	908	15432	-366	61	90	1282	1055	1431	1419
4637	4677	0	0	340	448	15472	-386	111	98	1274	1062	1428	1415
4637	4678	0	0	1384	124	15788	-382	88	102	1272	1055	1429	1420
4637	4678	0	0	1236	412	16256	-371	36	96	1277	1062	1428	1413
4637	4678	0	0	144	920	15756	-364	19	88	1275	1057	1433	1418
4637	4677	0	0	-68	728	15412	-383	89	103	1281	1061	1431	1413
4637	4677	0	0	964	228	15568	-380	115	87	1271	1060	1434	1420
4637	4677	0	0	1528	336	16132	-373	62	95	1278	1064	1433	1414
4637	4678	0	0	824	592	15956	-371	12	88	1274	1065	1434	1417
4637	4678	0	0	-196	876	15536	-379	57	94	1275	1056	1431	1420
4637	4678	0	0	284	588	15432	-385	107	104	1279	1061	1430	1414
4637	4677	0	0	1288	172	15900	-384	101	102	1271	1061	1433	1417
4637	4677	0	0	1380	280	16120	-365	43	98	1274	1060	1430	1417
4637	4677	0	0	364	760	15740	-363	23	87	1273	1064	1432	1417
4637	4677	0	0	-188	764	15516	-379	74	95	1273	1055	1430	1421
4637	4678	0	0	632	336	15500	-385	113	100	1276	1063	1430	1409
4637	4678	0	0	1460	132	16024	-376	87	98	1276	1053	1431	1421
4637	4677	0	0	1088	424	16092	-373	25	96	1275	1056	1428	1420
4637	4677	0	0	68	844	15720	-365	24	92	1271	1060	1434	1421
4637	4678	0	0	44	684	15500	-369	104	99	1278	1060	1428	1419
4637	4678	0	0	992	236	15628	-386	114	86	1272	1063	1432	1416
4637	4678	0	0	1624	228	15992	-368	62	94	1274	1055	1429	1420
4637	4677	0	0	952	576	16080	-375	13	86	1275	1063	1432	1415
4637	4678	0	0	-108	872	15596	-376	46	82	1275	1056	1431	1417
4637	4677	0	0	184	628	15356	-385	106	105	1272	1064	1434	1417
4637	4677	0	0	1276	244	15768	-381	104	95	1272	1060	1433	1420
4637	4678	0	0	1608	276	16072	-366	46	90	1276	1060	1428	1419
4637	4678	0	0	696	640	15784	-361	20	99	1272	1063	1445	1415
4637	4677	0	0	-132	852	15316	-371	66	104	1278	1057	1429	1421
4637	4678	0	0	328	556	15512	-377	113	93	1278	1065	1427	1417
4637	4678	0	0	1500	80	15664	-381	98	98	1274	1057	1432	1421
4637	4677	0	0	1368	428	16048	-367	25	93	1280	1062	1429	1414
4637	4678	0	0	284	824	15896	-363	15	98	1272	1062	1431	1422
4637	4678	0	0	-156	792	15524	-370	86	91	1279	1060	1427	1419
4637	4677	0	0	716	388	15432	-393	113	97	1271	1062	1431	1418
4637	4678	0	0	1656	220	16060	-376	91	91	1280	1056	1430	1420
4637	4677	0	0	1188	484	16052	-375	20	97	1271	1057	1430	1420
4637	4678	0	0	16	872	15628	-368	32	99	1276	1056	1432	1420
4637	4678	0	0	-36	692	15580	-386	88	92	1277	1061	1427	1414
4637	4678	0	0	832	368	15524	-394	123	94	1272	1058	1433	1421
4637	4677	0	0	1524	224	16140	-378	79	87	1280	1062	1427	1417
4637	4677	0	0	936	580	16044	-368	17	90	1275	1061	1431	1418
4637	4677	0	0	-124	964	15492	-371	27	105	1281	1062	1428	1420
4637	4678	0	0	216	668	15448	-377	101	95	1277	1062	1434	1414
4637	4678	0	0	1064	300	15640	-391	114	92	1277	1055	1430	1419
4637	4677	0	0	1520	376	16192	-372	51	91	1281	1064	1429	1413
4637	4677	0	0	652	632	15872	-352	21	91	1275	1063	1433	1415
4637	4678	0	0	-224	828	15468	-365	41	91	1278	1062	1428	1415
4637	4678	0	0	388	456	15536	-381	113	94	1272	1057	1432	1418
4637	4677	0	0	1400	160	15816	-369	95	96	1280	1059	1427	1412
4637	4677	0	0	1376	380	16144	-369	29	95	1273	1066	1433	1415
4637	4677	0	0	268	772	15812	-374	20	92	1280	1058	1427	1416
4637	4677	0	0	-168	912	15468	-376	60	86	1272	1059	1431	1413
4637	4677	0	0	560	264	15364	-378	120	106	1280	1064	1429	1415
4637	4677	0	0	1464	180	15824	-373	77	101	1274	1063	1428	1413
4637	4678	0	0	1236	448	16096	-358	28	89	1271	1053	1429	1420
4637	4678	0	0	272	800	15752	-359	12	94	1277	1064	1431	1415
4637	4678	0	0	-156	824	15312	-387	82	96	1274	1058	1434	1418
4637	4677	0	0	756	324	15532	-384	123	91	1273	1055	1422	1421
4637	4678	0	0	1612	188	15880	-373	63	93	1269	1059	1433	1415
4637	4677	0	0	1052	560	15908	-369	10	85	1277	1057	1426	1420
4637	4677	0	0	20	868	15584	-374	35	95	1273	1066	1432	1413
4637	4677	0	0	96	640	15444	-384	88	98	1279	1056	1428	1420
4637	4677	0	0	976	160	15592	-384	108	102	1273	1059	1432	1416
4637	4677	0	0	1476	288	16084	-372	58	94	1276	1056	1430	1420
4637	4677	0	0	824	596	16084	-366	20	85	1272	1059	1430	1420
4637	4677	0	0	-112	840	15532	-376	42	93	1274	1056	1431	1420
4637	4677	0	0	256	548	15456	-385	109	93	1278	1062	1427	1414
4637	4677	0	0	1252	144	15892	-390	100	88	1273	1058	1434	1420
4637	4677	0	0	1444	304	16204	-371	33	99	1274	1060	1426	1416
4637	4678	0	0	416	728	15996	-367	15	96	1277	1060	1433	1417
4637	4678	0	0	-176	800	15552	-378	72	94	1280	1059	1427	1420
4637	4678	0	0	676	364	15424	-387	118	96	1275	1061	1432	1415
4637	4678	0	0	1556	140	16104	-368	82	94	1278	1056	1429	1416
4637	4677	0	0	1160	480	16228	-376	16	96	1277	1074	1432	1413
4637	4677	0	0	-24	780	15700	-363	37	102	1272	1062	1433	1418
4637	4677	0	0	4	708	15452	-379	95	94	1273	1064	1430	1414
4637	4677	0	0	1024	160	15708	-395	117	104	1271	1059	1430	1420
4637	4678	0	0	1528	268	16216	-372	53	86	1275	1063	1426	1413
4637	4677	0	0	724	628	15800	-367	15	93	1272	1067	1431	1420
4637	4677	0	0	-196	888	15656	-363	55	101	1278	1062	1427	1414
4637	4677	0	0	444	472	15668	-385	120	99	1273	1056	1432	1416
4637	4677	0	0	1352	20	15808	-375	87	95	1274	1062	1433	1415
4637	4678	0	0	1344	368	16140	-373	27	85	1281	1058	1433	1415
4637	4677	0	0	200	840	15752	-378	10	101	1277	1058	1427	1413
4637	4678	0	0	-40	760	15404	-372	83	91	1271	1060	1433	1418
4637	4678	0	0	872	248	15660	-393	123	105	1274	1057	1429	1419
4637	4678	0	0	1444	236	16072	-372	64	92	1279	1061	1427	1416
4637	4678	0	0	1008	600	16072	-358	11	90	1280	1058	1430	1420
4637	4678	0	0	-88	820	15416	-367	44	99	1282	1063	1429	1416
4637	4677	0	0	300	500	15268	-369	117	96	1272	1061	1433	1419
4637	4677	0	0	1120	228	15760	-379	97	103	1271	1055	1430	1420
4637	4677	0	0	1492	336	16184	-376	33	90	1275	1062	1430	1417
4637	4678	0	0	600	736	15840	-367	12	98	1272	1064	1431	1414
4637	4678	0	0	-232	868	15460	-376	55	101	1276	1059	1430	1412
4637	4677	0	0	488	388	15468	-384	119	89	1280	1058	1427	1420
4637	4677	0	0	1496	216	15804	-375	90	94	1277	1063	1430	1414
4637	4678	0	0	1144	400	16084	-366	10	91	1272	1058	1445	1419
4637	4677	0	0	76	804	15808	-376	23	99	1280	1061	1428	1419
4637	4677	0	0	-64	620	15536	-372	80	92	1273	1058	1430	1421
4637	4677	0	0	868	288	15624	-386	120	94	1274	1056	1431	1420
4637	4677	0	0	1436	164	15964	-372	66	98	1280	1057	1426	1415
4637	4677	0	0	900	716	15920	-374	0	89	1271	1062	1426	1418
4637	4677	0	0	-260	912	15524	-393	66	91	1273	1057	1428	1420
4637	4678	0	0	84	516	15512	-385	85	86	1278	1057	1426	1419
4637	4678	0	0	1244	212	15820	-366	119	94	1272	1057	1433	1419
4637	4677	0	0	1400	328	16208	-368	40	95	1280	1057	1431	1418
4637	4677	0	0	424	768	15948	-359	19	91	1272	1059	1431	1417
4637	4678	0	0	-100	796	15480	-369	62	93	1272	1056	1430	1421
4637	4677	0	0	464	536	15424	-390	121	92	1274	1065	1429	1416
