4634	4672	0	0	520	664	15328	-431	41	61	1811	1468	1261	1246
4633	4672	0	0	368	1336	15072	-362	65	52	1810	1466	1261	1250
4634	4672	0	0	316	1552	15084	-367	78	80	1811	1477	1261	1247
4634	4672	0	0	596	408	15688	-364	59	131	1811	1467	1262	1247
4633	4672	0	0	544	-484	16420	-365	78	118	1811	1466	1263	1248
4634	4672	0	0	280	44	16148	-390	67	78	1809	1469	1261	1249
4634	4672	0	0	420	1312	14972	-411	56	48	1809	1468	1261	1249
4634	4672	0	0	452	1336	14948	-367	49	76	1811	1467	1263	1245
4634	4672	0	0	492	524	15472	-340	87	128	1809	1468	1262	1245
4634	4672	0	0	540	-460	16372	-367	88	126	1809	1467	1264	1248
4634	4672	0	0	280	-84	16516	-399	55	91	1811	1466	1261	1247
4634	4672	0	0	516	1124	15148	-401	52	41	1809	1463	1261	1247
4634	4672	0	0	336	1584	14860	-367	72	79	1810	1468	1261	1247
4633	4672	0	0	448	884	15524	-348	78	125	1811	1462	1262	1249
4634	4672	0	0	480	-340	16152	-363	81	130	1810	1468	1260	1247
4634	4672	0	0	288	-168	16604	-388	60	97	1811	1468	1260	1247
4633	4672	0	0	468	940	15308	-409	48	54	1812	1467	1263	1249
4634	4673	0	0	360	1584	14804	-388	46	63	1810	1468	1261	1248
4634	4672	0	0	468	960	15268	-350	84	113	1811	1464	1256	1247
4634	4672	0	0	612	-212	16024	-342	82	138	1821	1468	1263	1246
4634	4672	0	0	416	-360	16652	-381	61	99	1808	1468	1263	1248
4634	4672	0	0	572	796	15588	-404	70	60	1811	1465	1263	1250
4633	4672	0	0	380	1592	14892	-381	58	58	1809	1467	1261	1249
4634	4672	0	0	452	1140	15328	-358	77	99	1810	1467	1260	1246
4634	4672	0	0	492	-180	15928	-348	64	141	1810	1465	1261	1246
4633	4672	0	0	356	-468	16620	-381	71	106	1809	1467	1263	1250
4634	4672	0	0	388	532	15668	-397	53	70	1809	1468	1257	1247
4634	4672	0	0	432	1616	14708	-398	55	71	1810	1467	1261	1249
4634	4672	0	0	468	1204	15180	-360	65	96	1809	1469	1264	1248
4634	4672	0	0	592	-76	15936	-343	74	138	1811	1468	1260	1247
4634	4672	0	0	416	-400	16516	-381	68	107	1810	1468	1263	1248
4634	4672	0	0	460	500	15860	-398	60	59	1810	1468	1263	1246
4634	4672	0	0	348	1548	14836	-391	63	52	1810	1468	1262	1247
4634	4672	0	0	540	1256	15044	-362	78	97	1810	1479	1262	1249
4634	4672	0	0	524	84	15864	-358	67	130	1812	1468	1262	1251
4634	4672	0	0	444	-368	16552	-368	68	111	1810	1475	1262	1246
4634	4672	0	0	396	488	15756	-397	68	60	1816	1468	1263	1247
4634	4672	0	0	356	1528	14808	-404	59	63	1810	1467	1263	1250
4634	4672	0	0	408	1240	15152	-345	64	92	1811	1468	1261	1249
4634	4672	0	0	588	-4	15828	-335	68	135	1815	1468	1261	1247
4634	4672	0	0	336	-396	16588	-374	80	106	1810	1464	1264	1246
4634	4672	0	0	464	436	15796	-408	54	58	1811	1469	1261	1248
4634	4672	0	0	436	1408	14752	-394	59	46	1812	1469	1263	1249
4634	4672	0	0	428	1364	15068	-352	78	94	1811	1467	1268	1242
4634	4672	0	0	440	-88	15936	-346	76	124	1809	1468	1262	1245
4634	4672	0	0	472	-504	16416	-371	68	109	1821	1466	1262	1250
4634	4672	0	0	372	352	15792	-405	63	60	1809	1470	1262	1250
4634	4672	0	0	416	1556	14800	-404	49	51	1811	1466	1261	1247
4634	4672	0	0	456	1152	15092	-359	79	96	1810	1467	1264	1248
4633	4672	0	0	476	24	16032	-332	71	132	1811	1468	1262	1249
4634	4672	0	0	460	-396	16612	-364	73	116	1811	1470	1263	1248
4634	4672	0	0	400	432	15868	-407	54	72	1811	1474	1262	1248
4634	4672	0	0	464	1476	14780	-398	51	57	1811	1468	1264	1247
4634	4672	0	0	360	1196	15104	-354	71	103	1809	1468	1262	1247
4634	4672	0	0	540	48	15732	-337	82	131	1812	1468	1262	1249
4634	4672	0	0	416	-388	16636	-376	80	105	1809	1469	1264	1247
4634	4672	0	0	368	420	15860	-405	57	64	1810	1467	1261	1247
4634	4672	0	0	372	1492	14740	-407	58	58	1812	1467	1262	1250
4634	4672	0	0	360	1332	15088	-355	69	89	1809	1468	1262	1249
4633	4672	0	0	576	152	15860	-338	70	124	1810	1468	1262	1242
4634	4672	0	0	440	-480	16596	-380	77	123	1811	1467	1263	1248
4633	4672	0	0	436	268	15928	-394	62	73	1817	1466	1262	1250
4634	4672	0	0	480	1452	14896	-406	56	58	1812	1465	1262	1247
4634	4672	0	0	480	1404	14964	-362	75	84	1810	1469	1261	1247
4634	4672	0	0	596	308	15528	-348	76	126	1810	1468	1264	1248
4634	4672	0	0	488	-360	16732	-373	70	117	1810	1468	1263	1249
4634	4672	0	0	324	132	16156	-402	62	72	1806	1468	1261	1247
4634	4672	0	0	504	1396	14960	-401	59	55	1812	1468	1263	1248
4634	4672	0	0	336	1432	15008	-368	62	85	1811	1468	1263	1248
4634	4672	0	0	612	300	15756	-342	62	120	1808	1467	1270	1248
4634	4672	0	0	560	-412	16396	-372	53	117	1810	1466	1263	1247
4634	4672	0	0	344	156	16068	-410	72	68	1811	1467	1263	1249
4634	4672	0	0	416	1328	14932	-397	70	57	1810	1469	1263	1248
4634	4672	0	0	460	1400	14952	-354	73	84	1809	1468	1261	1246
4634	4672	0	0	596	360	15748	-347	79	130	1812	1467	1263	1247
4634	4672	0	0	372	-488	16200	-379	76	107	1809	1468	1263	1247
4634	4672	0	0	396	-420	16256	-366	73	105	1810	1466	1261	1248
4634	4672	0	0	480	1292	14856	-394	70	63	1809	1467	1265	1247
4634	4672	0	0	472	1392	15140	-365	64	86	1804	1467	1261	1246
4633	4672	0	0	552	404	15724	-352	66	123	1810	1467	1264	1248
4633	4672	0	0	508	-428	16368	-370	71	112	1810	1467	1261	1247
4634	4672	0	0	256	92	16208	-390	63	84	1810	1467	1260	1249
4634	4672	0	0	336	1272	15020	-397	59	55	1811	1467	1262	1248
4634	4672	0	0	336	1492	15056	-372	59	86	1810	1463	1263	1247
4633	4672	0	0	580	544	15600	-345	77	115	1810	1467	1262	1246
4634	4672	0	0	612	-440	16316	-370	69	119	1811	1469	1262	1250
4634	4672	0	0	264	-76	16336	-404	69	82	1810	1464	1260	1249
4634	4672	0	0	508	1056	15056	-404	60	44	1809	1468	1263	1247
4634	4672	0	0	336	1468	15032	-373	67	83	1817	1467	1264	1248
4633	4672	0	0	552	688	15484	-358	68	120	1810	1469	1261	1246
4634	4672	0	0	596	-316	16316	-361	70	123	1809	1466	1262	1248
4634	4672	0	0	352	-160	16416	-398	68	79	1811	1458	1264	1245
4634	4672	0	0	516	1156	15044	-405	48	45	1809	1468	1258	1248
4634	4672	0	0	356	1536	14920	-380	61	85	1810	1467	1262	1247
4634	4672	0	0	580	724	15416	-346	82	119	1810	1467	1262	1247
4634	4672	0	0	576	-444	16216	-353	78	129	1812	1467	1261	1248
4634	4672	0	0	392	-280	16468	-398	72	86	1807	1467	1256	1246
4634	4671	0	0	504	964	15164	-404	67	52	1811	1466	1263	1246
4634	4672	0	0	352	1612	14704	-384	64	69	1809	1466	1262	1250
4634	4672	0	0	488	996	15304	-353	75	121	1810	1468	1261	1242
4634	4672	0	0	608	-388	16120	-343	80	132	1809	1468	1261	1241
4634	4672	0	0	428	-352	16424	-383	69	79	1809	1467	1263	1249
4634	4672	0	0	504	688	15348	-406	63	54	1810	1468	1261	1246
4633	4672	0	0	492	1492	14880	-387	63	55	1810	1467	1260	1247
4634	4672	0	0	492	1032	15228	-353	83	107	1811	1467	1263	1249
4634	4671	0	0	616	-108	16184	-354	71	135	1809	1468	1263	1246
4634	4672	0	0	376	-344	16656	-371	66	95	1808	1467	1261	1246
4634	4672	0	0	440	616	15792	-403	72	60	1811	1468	1262	1250
4634	4672	0	0	368	1544	14804	-391	54	63	1811	1465	1262	1250
4633	4672	0	0	488	1220	15192	-361	82	100	1810	1468	1263	1247
4636	4672	0	0	596	84	15868	-332	85	138	1810	1469	1262	1248
4634	4672	0	0	372	-436	16492	-366	67	111	1811	1462	1262	1249
4634	4672	0	0	376	488	15964	-412	63	49	1811	1469	1262	1249
4634	4672	0	0	332	1520	14852	-405	58	56	1802	1469	1262	1247
4634	4672	0	0	432	1268	15020	-359	75	98	1811	1467	1261	1252
4634	4672	0	0	588	72	15864	-339	75	140	1811	1468	1262	1249
4634	4672	0	0	400	-368	16592	-372	73	123	1809	1468	1263	1247
4634	4670	0	0	404	444	15888	-411	64	61	1810	1468	1261	1249
4634	4672	0	0	416	1552	14880	-398	52	45	1811	1467	1261	1249
4634	4672	0	0	508	1300	15128	-347	73	100	1810	1469	1262	1244
4634	4672	0	0	652	128	15912	-342	75	142	1812	1467	1262	1247
4634	4672	0	0	448	-468	16640	-380	62	113	1811	1469	1262	1250
4634	4672	0	0	380	340	15764	-413	70	62	1811	1480	1260	1252
4634	4672	0	0	360	1408	14772	-395	54	55	1809	1468	1262	1246
4634	4672	0	0	472	1220	15108	-366	65	94	1808	1467	1264	1248
4634	4672	0	0	604	88	15804	-348	73	132	1811	1467	1262	1249
4634	4672	0	0	480	-392	16444	-368	71	107	1809	1467	1261	1246
4634	4672	0	0	348	288	15980	-406	61	56	1810	1467	1264	1247
4634	4672	0	0	480	1388	14916	-399	66	64	1811	1467	1262	1249
4634	4672	0	0	456	1388	15128	-368	74	98	1811	1468	1264	1248
4633	4672	0	0	520	152	15688	-351	80	124	1810	1463	1263	1249
4634	4672	0	0	336	-412	16444	-380	68	112	1810	1467	1261	1248
4634	4672	0	0	324	388	15832	-393	72	65	1811	1468	1261	1247
4634	4672	0	0	488	1424	14964	-406	55	49	1812	1464	1261	1248
4634	4672	0	0	584	1248	14940	-370	67	88	1810	1468	1262	1249
4634	4672	0	0	584	276	15820	-346	83	125	1809	1468	1262	1243
4633	4672	0	0	372	-468	16568	-377	65	116	1809	1467	1262	1248
4634	4672	0	0	360	168	16012	-396	55	74	1811	1468	1263	1248
4634	4672	0	0	464	1252	14812	-400	65	56	1810	1467	1263	1246
4634	4672	0	0	504	1360	15044	-374	72	88	1810	1469	1261	1247
4634	4672	0	0	476	384	15700	-374	84	131	1810	1469	1263	1250
4634	4672	0	0	648	-248	16628	-420	47	113	1810	1468	1262	1245
4634	4672	0	0	632	4	16024	-408	47	68	1810	1468	1263	1245
4634	4672	0	0	392	1108	15028	-384	53	66	1811	1468	1261	1249
4634	4672	0	0	380	1328	15180	-342	83	72	1811	1470	1266	1249
4633	4672	0	0	640	536	15688	-309	78	122	1808	1467	1262	1246
4634	4672	0	0	852	-1228	16552	-339	61	122	1810	1468	1266	1248
4634	4672	0	0	460	24	16236	-360	48	93	1811	1468	1264	1250
4633	4672	0	0	380	1156	15020	-400	70	51	1808	1468	1262	1248
