0	0	0	0	96	424	16000	-329	108	80	1579	1249	1261	1246
0	0	0	0	1172	124	15232	-347	52	117	1579	1250	1259	1244
0	0	0	0	276	660	15636	-387	31	118	1579	1248	1261	1246
0	0	0	0	-476	1212	16120	-369	46	88	1578	1249	1261	1246
0	0	0	0	-484	1532	16176	-389	81	72	1579	1249	1260	1245
0	0	0	0	200	772	15804	-382	105	80	1577	1247	1260	1245
0	0	0	0	1188	200	15524	-349	109	94	1579	1244	1260	1247
0	0	0	0	1696	-148	15256	-356	72	105	1578	1248	1261	1246
0	0	0	0	1124	132	15548	-376	43	120	1573	1248	1260	1246
0	0	0	0	228	896	15752	-369	16	104	1579	1249	1260	1247
0	0	0	0	500	676	15640	-379	15	97	1579	1247	1260	1247
0	0	0	0	-248	1380	16004	-396	85	70	1578	1250	1260	1247
0	0	0	0	476	756	15688	-367	112	73	1578	1247	1261	1246
0	0	0	0	1344	184	15392	-366	96	96	1578	1249	1258	1246
0	0	0	0	1616	-324	15192	-359	70	105	1578	1250	1260	1247
0	0	0	0	988	196	15576	-352	18	110	1578	1256	1260	1246
0	0	0	0	128	788	15676	-390	27	98	1579	1249	1260	1246
0	0	0	0	-548	1296	16056	-391	46	82	1579	1249	1260	1247
0	0	0	0	-384	1560	16160	-389	99	69	1580	1248	1260	1247
0	0	0	0	444	824	15808	-379	116	79	1579	1250	1260	1245
0	0	0	0	1352	180	15688	-368	98	92	1580	1249	1260	1247
0	0	0	0	1652	-204	15228	-352	61	102	1575	1249	1259	1246
0	0	0	0	1140	240	15432	-367	34	115	1579	1249	1259	1246
0	0	0	0	176	800	15640	-389	21	96	1579	1249	1261	1246
0	0	0	0	-472	1300	16068	-383	43	88	1579	1248	1260	1245
0	0	0	0	-352	1472	16272	-393	87	77	1579	1249	1260	1247
0	0	0	0	268	756	15840	-376	111	73	1579	1248	1260	1245
0	0	0	0	1148	276	15532	-359	112	102	1577	1252	1260	1247
0	0	0	0	1620	-228	15364	-360	71	105	1579	1248	1260	1246
0	0	0	0	1060	76	15480	-361	29	100	1580	1247	1260	1247
0	0	0	0	204	720	15828	-371	24	105	1578	1248	1255	1247
0	0	0	0	-440	1268	16072	-391	45	82	1579	1243	1261	1247
0	0	0	0	-448	1560	16104	-399	77	75	1579	1249	1261	1246
0	0	0	0	216	912	15696	-378	114	85	1579	1248	1261	1246
0	0	0	0	1188	240	15704	-366	102	85	1578	1246	1259	1247
0	0	0	0	1520	-140	15232	-358	84	111	1580	1249	1261	1246
0	0	0	0	1276	-72	15472	-354	36	108	1579	1249	1269	1243
0	0	0	0	392	560	15780	-376	17	103	1579	1248	1259	1245
0	0	0	0	-364	1108	16076	-389	36	95	1579	1248	1259	1247
0	0	0	0	-428	1540	16156	-393	70	73	1578	1249	1260	1246
0	0	0	0	-28	1084	15936	-387	103	72	1579	1247	1259	1246
0	0	0	0	868	384	15692	-350	109	83	1580	1248	1259	1246
0	0	0	0	1596	-36	15560	-358	91	93	1580	1249	1260	1254
0	0	0	0	1456	-188	15376	-363	48	108	1578	1249	1259	1246
0	0	0	0	744	364	15600	-373	18	116	1578	1249	1260	1247
0	0	0	0	-272	848	15888	-377	22	95	1580	1249	1260	1244
0	0	0	0	-580	1400	16244	-391	64	78	1579	1249	1259	1246
0	0	0	0	-192	1376	16052	-388	97	79	1578	1249	1259	1245
0	0	0	0	568	672	15660	-380	106	84	1579	1248	1260	1246
0	0	0	0	1360	140	15564	-357	101	97	1579	1248	1260	1245
0	0	0	0	1624	-276	15228	-350	61	105	1579	1248	1260	1246
0	0	0	0	1092	176	15340	-364	24	102	1578	1249	1260	1246
0	0	0	0	144	736	15908	-379	34	98	1579	1249	1261	1246
0	0	0	0	-504	1140	16140	-377	38	87	1580	1249	1257	1246
0	0	0	0	-564	1508	16108	-393	83	75	1579	1248	1260	1247
0	0	0	0	244	1008	15828	-366	113	76	1577	1249	1260	1255
0	0	0	0	1048	280	15628	-359	112	87	1579	1245	1260	1245
0	0	0	0	1700	-24	15372	-358	74	103	1579	1249	1260	1246
0	0	0	0	1388	-128	15364	-362	43	106	1579	1249	1260	1246
0	0	0	0	684	532	15572	-366	32	106	1579	1248	1260	1247
0	0	0	0	-188	932	15956	-380	25	95	1578	1249	1260	1245
0	0	0	0	-536	1372	16196	-387	56	78	1579	1249	1259	1246
0	0	0	0	-200	1312	15944	-385	112	80	1580	1247	1271	1245
0	0	0	0	580	640	15696	-385	125	73	1578	1248	1259	1250
0	0	0	0	1184	224	15500	-371	101	90	1579	1249	1258	1247
0	0	0	0	1648	-160	15196	-357	67	100	1579	1248	1259	1246
0	0	0	0	1112	172	15400	-366	30	106	1578	1248	1260	1247
0	0	0	0	320	680	15604	-362	15	113	1579	1249	1261	1244
0	0	0	0	-528	1084	15856	-388	31	92	1579	1248	1261	1245
0	0	0	0	-488	1428	16228	-394	62	81	1580	1249	1259	1245
0	0	0	0	116	992	15800	-379	113	65	1579	1248	1259	1246
0	0	0	0	800	300	15708	-371	114	88	1578	1248	1260	1245
0	0	0	0	1420	-116	15356	-363	87	98	1579	1250	1260	1245
0	0	0	0	1396	-108	15344	-356	50	113	1579	1247	1260	1246
0	0	0	0	836	412	15716	-368	33	103	1576	1248	1258	1246
0	0	0	0	28	888	15712	-376	16	100	1579	1247	1263	1246
0	0	0	0	-564	1208	16152	-398	40	82	1578	1247	1260	1246
0	0	0	0	-368	1344	16188	-381	85	77	1579	1249	1259	1246
0	0	0	0	284	680	15644	-377	108	81	1579	1245	1260	1246
0	0	0	0	1224	232	15488	-379	116	88	1579	1249	1260	1246
0	0	0	0	1536	-104	15248	-358	75	101	1578	1250	1259	1245
0	0	0	0	1208	204	15404	-360	38	111	1579	1245	1260	1247
0	0	0	0	524	664	15544	-371	22	101	1579	1249	1259	1246
0	0	0	0	-320	1048	15988	-381	23	92	1578	1249	1261	1247
0	0	0	0	-564	1500	16256	-387	58	85	1579	1250	1261	1241
0	0	0	0	-176	1080	15844	-388	102	76	1579	1249	1259	1247
0	0	0	0	652	448	15692	-371	119	87	1577	1249	1259	1246
0	0	0	0	1456	52	15324	-357	95	101	1578	1249	1261	1245
0	0	0	0	1572	-216	15432	-350	59	107	1579	1248	1259	1246
0	0	0	0	964	388	15512	-362	29	103	1579	1248	1260	1244
0	0	0	0	152	740	15752	-371	21	101	1579	1249	1260	1246
0	0	0	0	-452	1208	16064	-392	48	86	1580	1249	1261	1246
0	0	0	0	-476	1344	16312	-385	95	77	1579	1249	1261	1245
0	0	0	0	168	780	15872	-382	115	79	1579	1251	1260	1245
0	0	0	0	1104	256	15608	-364	111	81	1579	1249	1260	1247
0	0	0	0	1572	-124	15460	-359	77	92	1578	1248	1260	1246
0	0	0	0	1292	48	15412	-354	41	107	1578	1248	1261	1246
0	0	0	0	696	512	15748	-367	19	98	1580	1248	1259	1247
0	0	0	0	-120	936	15852	-376	25	93	1579	1248	1260	1246
0	0	0	0	-476	1496	16248	-393	52	75	1579	1249	1259	1246
0	0	0	0	-252	1076	15996	-381	95	75	1579	1248	1261	1247
0	0	0	0	576	584	15784	-364	123	89	1578	1247	1259	1246
0	0	0	0	1388	108	15416	-372	98	82	1579	1248	1261	1247
0	0	0	0	1588	-256	15288	-348	62	109	1578	1246	1256	1246
0	0	0	0	1088	292	15348	-355	38	109	1580	1242	1260	1248
0	0	0	0	352	748	15604	-394	29	97	1580	1249	1261	1247
0	0	0	0	-328	1072	16024	-403	48	91	1580	1249	1259	1245
0	0	0	0	-476	1524	16156	-411	70	80	1578	1249	1258	1246
0	0	0	0	200	676	15916	-417	110	74	1580	1250	1261	1245
0	0	0	0	572	552	15724	-379	105	80	1579	1248	1259	1246
0	0	0	0	888	-208	15356	-346	91	100	1579	1248	1261	1246
0	0	0	0	1352	-24	15368	-337	67	102	1580	1249	1259	1246
0	0	0	0	1040	464	15488	-326	19	118	1579	1248	1260	1246
0	0	0	0	108	920	15764	-337	6	91	1579	1249	1261	1247
0	0	0	0	-456	1348	16072	-349	48	84	1578	1248	1261	1244
0	0	0	0	-256	1484	16168	-368	79	70	1580	1247	1262	1245
0	0	0	0	536	900	15608	-341	120	71	1578	1249	1257	1245
0	0	0	0	1116	376	15564	-348	103	85	1578	1248	1254	1246
