0	0	0	0	1196	428	15384	-361	123	100	2155	1746	1262	1243
0	0	0	0	500	484	15456	-378	26	84	2159	1748	1261	1243
0	0	0	0	-400	1228	16004	-384	63	71	2154	1747	1260	1248
0	0	0	0	828	440	15572	-368	115	95	2156	1749	1260	1246
0	0	0	0	1280	104	15312	-357	47	95	2156	1746	1260	1243
0	0	0	0	-44	972	15772	-400	38	91	2154	1747	1261	1245
0	0	0	0	-144	976	16092	-377	97	88	2156	1750	1259	1246
0	0	0	0	1228	148	15352	-352	101	110	2157	1748	1262	1247
0	0	0	0	720	392	15436	-371	37	92	2151	1747	1260	1246
0	0	0	0	-256	1124	16024	-381	39	74	2152	1748	1259	1245
0	0	0	0	576	704	15808	-359	102	96	2156	1748	1260	1246
0	0	0	0	1456	92	15096	-368	69	111	2155	1748	1260	1247
0	0	0	0	220	688	15592	-382	33	86	2156	1745	1259	1246
0	0	0	0	-300	1160	16160	-387	78	74	2157	1753	1261	1241
0	0	0	0	1020	404	15556	-369	113	110	2158	1748	1261	1246
0	0	0	0	1216	88	15280	-366	61	109	2155	1739	1260	1247
0	0	0	0	-196	1004	15936	-380	41	84	2156	1745	1260	1246
0	0	0	0	80	1048	15852	-380	81	87	2156	1747	1260	1246
0	0	0	0	1300	228	15200	-383	83	105	2156	1753	1260	1246
0	0	0	0	692	532	15460	-379	39	91	2156	1746	1256	1246
0	0	0	0	-352	1144	16188	-380	57	88	2154	1746	1260	1247
0	0	0	0	688	604	15616	-363	104	91	2157	1746	1260	1245
0	0	0	0	1228	44	15048	-367	60	110	2155	1748	1259	1247
0	0	0	0	40	820	15708	-374	29	89	2157	1755	1260	1251
0	0	0	0	-108	992	16044	-383	86	74	2156	1743	1260	1248
0	0	0	0	1228	268	15504	-368	95	99	2155	1747	1259	1245
0	0	0	0	952	312	15296	-374	43	104	2155	1749	1259	1242
0	0	0	0	-348	1132	16180	-377	48	90	2157	1747	1259	1245
0	0	0	0	320	852	15848	-367	101	86	2157	1747	1260	1246
0	0	0	0	1432	192	15312	-375	85	106	2155	1746	1260	1245
0	0	0	0	472	464	15364	-371	23	86	2151	1746	1260	1245
0	0	0	0	-352	1128	16132	-380	67	84	2155	1746	1261	1246
0	0	0	0	768	428	15668	-364	102	100	2155	1746	1263	1246
0	0	0	0	1336	208	15324	-377	42	96	2156	1746	1259	1245
0	0	0	0	-20	812	15964	-382	30	82	2157	1751	1259	1245
0	0	0	0	-72	964	15912	-370	95	83	2155	1746	1257	1246
0	0	0	0	1264	208	15388	-364	104	99	2156	1747	1259	1247
0	0	0	0	844	488	15384	-370	32	93	2150	1746	1261	1246
0	0	0	0	-356	1096	16072	-379	45	84	2154	1745	1261	1245
0	0	0	0	496	712	15832	-376	105	91	2156	1747	1261	1245
0	0	0	0	1444	68	15232	-379	60	101	2156	1747	1259	1246
0	0	0	0	1156	252	15260	-366	48	109	2155	1747	1256	1246
0	0	0	0	-200	1072	15896	-392	28	82	2164	1746	1261	1246
0	0	0	0	140	908	15820	-385	95	86	2155	1746	1259	1243
0	0	0	0	1388	76	15372	-358	80	102	2156	1747	1256	1246
0	0	0	0	432	436	15360	-370	23	100	2156	1747	1260	1246
0	0	0	0	-388	1164	16240	-386	65	81	2156	1746	1259	1248
0	0	0	0	756	640	15752	-364	106	95	2155	1748	1259	1246
0	0	0	0	1336	128	15304	-368	60	104	2155	1746	1259	1241
0	0	0	0	8	880	15776	-394	30	90	2155	1748	1261	1244
0	0	0	0	-172	1144	16044	-382	88	88	2154	1747	1259	1246
0	0	0	0	1136	280	15460	-374	102	109	2168	1746	1262	1246
0	0	0	0	964	284	15340	-377	41	94	2151	1748	1259	1246
0	0	0	0	-316	1004	16028	-383	57	91	2156	1747	1260	1245
0	0	0	0	340	756	15752	-365	101	88	2155	1746	1261	1246
0	0	0	0	1396	176	15348	-373	73	105	2151	1747	1258	1243
0	0	0	0	392	660	15568	-384	37	83	2156	1747	1260	1243
0	0	0	0	-252	1132	16240	-386	74	79	2156	1747	1259	1245
0	0	0	0	984	404	15568	-375	120	100	2156	1749	1261	1246
0	0	0	0	1132	252	15352	-375	55	101	2149	1746	1260	1246
0	0	0	0	-280	1004	15932	-377	26	67	2157	1745	1261	1246
0	0	0	0	112	972	15964	-380	85	88	2155	1748	1260	1246
0	0	0	0	1412	208	15288	-368	90	112	2157	1746	1261	1246
0	0	0	0	680	500	15328	-373	37	99	2155	1745	1257	1245
0	0	0	0	-288	1144	16188	-378	58	70	2155	1748	1261	1246
0	0	0	0	728	564	15616	-368	109	99	2156	1747	1260	1246
0	0	0	0	1320	124	15208	-361	63	103	2156	1748	1255	1247
0	0	0	0	-24	748	15788	-381	42	86	2156	1750	1261	1245
0	0	0	0	-180	1032	16116	-379	83	88	2156	1747	1259	1248
0	0	0	0	1352	96	15352	-362	97	98	2157	1749	1260	1246
0	0	0	0	920	308	15368	-383	43	98	2156	1747	1261	1243
0	0	0	0	-332	1128	16148	-384	44	76	2155	1748	1260	1245
0	0	0	0	436	676	15784	-367	97	94	2155	1747	1260	1245
0	0	0	0	1380	48	15092	-362	65	109	2157	1748	1260	1246
0	0	0	0	212	660	15864	-375	30	83	2152	1747	1261	1245
0	0	0	0	-296	1168	16180	-368	67	80	2157	1747	1261	1244
0	0	0	0	1088	384	15568	-371	98	99	2156	1747	1261	1246
0	0	0	0	1076	172	15352	-369	43	101	2151	1747	1260	1246
0	0	0	0	-236	1096	16064	-378	36	78	2156	1747	1259	1247
0	0	0	0	256	964	15880	-373	106	83	2156	1747	1260	1246
0	0	0	0	1468	192	15432	-366	82	110	2155	1748	1259	1246
0	0	0	0	604	612	15540	-366	44	105	2156	1746	1260	1247
0	0	0	0	-392	1040	16092	-386	54	74	2157	1747	1259	1246
0	0	0	0	932	416	15748	-373	102	92	2157	1749	1259	1247
0	0	0	0	1236	204	15080	-376	63	107	2156	1747	1259	1245
0	0	0	0	-196	912	15896	-385	36	85	2151	1745	1256	1247
0	0	0	0	-20	996	15972	-366	90	77	2156	1747	1261	1245
0	0	0	0	1316	176	15336	-378	81	108	2158	1747	1261	1246
0	0	0	0	796	424	15476	-371	37	90	2157	1746	1257	1246
0	0	0	0	-320	1140	16032	-380	51	90	2156	1758	1261	1246
0	0	0	0	576	632	15512	-374	95	103	2155	1746	1259	1248
0	0	0	0	1416	160	15252	-367	70	100	2156	1747	1260	1246
0	0	0	0	0	840	15832	-384	28	77	2156	1748	1260	1243
0	0	0	0	-140	1092	16196	-384	85	89	2157	1748	1261	1245
0	0	0	0	1184	336	15364	-360	104	104	2158	1747	1260	1246
0	0	0	0	904	416	15288	-372	43	92	2155	1748	1260	1247
0	0	0	0	-332	1032	16328	-379	57	81	2156	1746	1259	1247
0	0	0	0	420	836	15720	-373	108	92	2152	1748	1259	1245
0	0	0	0	1284	140	15228	-365	77	102	2156	1746	1260	1246
0	0	0	0	500	620	15548	-368	25	89	2151	1745	1260	1245
0	0	0	0	-284	1144	16124	-382	65	86	2156	1749	1259	1245
0	0	0	0	852	268	15580	-377	97	100	2155	1746	1256	1247
0	0	0	0	1172	304	15296	-373	51	99	2155	1746	1259	1247
0	0	0	0	-160	944	15940	-384	25	80	2155	1745	1261	1247
0	0	0	0	28	976	15968	-380	104	90	2156	1747	1260	1246
0	0	0	0	1384	116	15476	-370	92	99	2155	1746	1254	1246
0	0	0	0	700	348	15304	-380	33	99	2157	1748	1260	1246
0	0	0	0	-436	1008	16136	-380	54	84	2156	1745	1260	1249
0	0	0	0	624	488	15800	-364	115	94	2156	1746	1260	1246
0	0	0	0	1384	168	15384	-373	61	99	2156	1747	1260	1246
0	0	0	0	144	816	15596	-388	15	91	2156	1747	1256	1246
0	0	0	0	-172	1104	16020	-396	75	102	2156	1746	1253	1245
0	0	0	0	1264	288	15396	-362	98	96	2155	1745	1260	1246
0	0	0	0	980	368	15264	-371	44	102	2155	1746	1259	1245
0	0	0	0	-320	1176	16064	-410	47	92	2154	1748	1260	1242
0	0	0	0	372	484	15928	-408	100	87	2156	1748	1260	1246
0	0	0	0	724	444	15504	-393	125	87	2155	1746	1259	1247
0	0	0	0	1300	80	15648	-381	57	102	2155	1746	1260	1243
0	0	0	0	180	1088	15928	-399	19	96	2155	1747	1260	1245
0	0	0	0	192	808	16056	-360	75	92	2152	1746	1259	1246
0	0	0	0	1168	160	15180	-323	78	102	2156	1747	1259	1246
0	0	0	0	740	376	15292	-343	31	94	2154	1747	1260	1246
0	0	0	0	-520	788	16544	-352	61	88	2156	1745	1260	1244
0	0	0	0	592	828	15920	-335	93	100	2155	1747	1259	1246
0	0	0	0	1340	128	15340	-367	89	104	2156	1746	1260	1246
