0	0	0	0	1488	-100	15036	-370	76	102	1933	1544	1261	1258
0	0	0	0	68	1156	16032	-365	107	75	1933	1544	1257	1247
0	0	0	0	1704	40	15264	-366	84	115	1933	1544	1260	1246
0	0	0	0	156	592	15580	-379	11	82	1932	1546	1259	1245
0	0	0	0	-388	1308	16308	-379	84	66	1933	1544	1261	1247
0	0	0	0	1476	128	15304	-366	108	110	1931	1544	1257	1247
0	0	0	0	1684	-60	15064	-378	66	103	1933	1544	1260	1247
0	0	0	0	-96	912	15896	-384	27	93	1932	1545	1259	1246
0	0	0	0	-172	1216	16128	-382	103	81	1934	1545	1260	1244
0	0	0	0	1680	64	15172	-370	93	115	1933	1545	1259	1245
0	0	0	0	228	460	15656	-371	12	87	1933	1544	1259	1246
0	0	0	0	-356	1284	16344	-367	79	80	1932	1544	1261	1247
0	0	0	0	1452	256	15328	-368	94	105	1927	1544	1260	1247
0	0	0	0	652	316	15300	-387	32	101	1933	1545	1260	1246
0	0	0	0	-532	1280	16328	-384	68	63	1934	1545	1260	1246
0	0	0	0	1104	356	15524	-369	115	102	1932	1546	1260	1246
0	0	0	0	1160	104	15172	-363	41	100	1933	1544	1255	1247
0	0	0	0	-508	1332	16384	-381	50	75	1932	1544	1260	1246
0	0	0	0	680	572	15752	-369	114	89	1933	1540	1260	1247
0	0	0	0	1392	-24	15112	-371	46	99	1933	1540	1260	1246
0	0	0	0	-460	1080	16316	-369	28	80	1932	1544	1260	1243
0	0	0	0	356	876	15852	-382	111	81	1933	1544	1260	1246
0	0	0	0	1664	-12	14996	-354	60	95	1933	1545	1260	1245
0	0	0	0	-244	852	15896	-373	18	68	1932	1545	1258	1247
0	0	0	0	4	1188	15864	-378	103	84	1933	1545	1259	1247
0	0	0	0	1740	128	15160	-370	82	114	1931	1545	1260	1246
0	0	0	0	204	600	15660	-374	26	84	1933	1544	1262	1247
0	0	0	0	-304	1364	16216	-380	84	75	1931	1545	1260	1246
0	0	0	0	1572	192	15232	-375	102	90	1933	1544	1260	1247
0	0	0	0	480	320	15272	-372	22	103	1934	1546	1260	1246
0	0	0	0	-432	1284	16248	-373	69	70	1933	1544	1259	1243
0	0	0	0	1160	400	15416	-376	108	94	1932	1544	1262	1246
0	0	0	0	916	140	15260	-368	32	103	1935	1544	1261	1241
0	0	0	0	-628	1188	16388	-398	52	80	1933	1545	1260	1245
0	0	0	0	952	612	15620	-371	113	88	1928	1539	1260	1247
0	0	0	0	1368	-16	15136	-367	39	104	1933	1544	1260	1247
0	0	0	0	-560	1148	16192	-383	30	75	1932	1544	1261	1247
0	0	0	0	396	944	15860	-380	118	74	1934	1544	1259	1244
0	0	0	0	1588	4	15048	-371	66	105	1934	1546	1259	1247
0	0	0	0	-272	924	15988	-382	19	87	1933	1545	1271	1247
0	0	0	0	-12	1076	16004	-377	114	71	1934	1546	1261	1249
0	0	0	0	1728	40	15096	-368	84	106	1931	1540	1261	1247
0	0	0	0	-36	660	15860	-382	17	90	1933	1544	1261	1253
0	0	0	0	-332	1256	16156	-381	91	82	1933	1545	1261	1247
0	0	0	0	1664	116	15300	-367	100	102	1935	1544	1261	1247
0	0	0	0	496	332	15460	-379	10	104	1933	1546	1257	1247
0	0	0	0	-448	1408	16400	-386	73	71	1934	1545	1261	1247
0	0	0	0	1404	240	15424	-370	122	94	1933	1545	1261	1246
0	0	0	0	868	176	15180	-370	27	108	1932	1546	1258	1246
0	0	0	0	-512	1260	16364	-387	60	71	1932	1545	1260	1246
0	0	0	0	1076	564	15500	-371	114	90	1933	1545	1262	1246
0	0	0	0	1108	32	15188	-375	39	99	1933	1546	1261	1246
0	0	0	0	-568	1184	16464	-375	38	72	1934	1546	1262	1244
0	0	0	0	576	556	15548	-383	113	83	1933	1545	1260	1247
0	0	0	0	1500	24	15052	-374	60	105	1933	1544	1261	1247
0	0	0	0	-416	1124	16224	-375	37	78	1933	1544	1261	1246
0	0	0	0	348	928	15884	-373	105	87	1922	1544	1259	1246
0	0	0	0	1648	40	15124	-372	62	113	1933	1545	1261	1247
0	0	0	0	-256	808	16004	-376	15	90	1933	1544	1261	1246
0	0	0	0	32	1112	16112	-380	96	86	1929	1546	1262	1247
0	0	0	0	1656	112	15192	-375	87	107	1931	1546	1260	1246
0	0	0	0	128	584	15632	-384	25	99	1934	1544	1261	1247
0	0	0	0	-396	1300	16220	-378	93	69	1934	1545	1260	1247
0	0	0	0	1532	116	15156	-381	99	100	1933	1542	1259	1248
0	0	0	0	676	452	15216	-377	22	98	1935	1546	1261	1246
0	0	0	0	-356	1324	16332	-377	72	72	1933	1545	1261	1247
0	0	0	0	1388	280	15496	-368	105	93	1933	1545	1260	1247
0	0	0	0	1028	156	15144	-363	34	107	1932	1545	1260	1247
0	0	0	0	-596	1248	16336	-384	50	71	1934	1545	1261	1246
0	0	0	0	928	560	15624	-369	124	93	1933	1545	1260	1245
0	0	0	0	1308	-24	15016	-363	38	107	1933	1545	1258	1248
0	0	0	0	-608	1144	16228	-382	27	82	1933	1545	1260	1246
0	0	0	0	464	888	15580	-377	118	90	1933	1546	1261	1246
0	0	0	0	1640	-48	15080	-370	57	113	1933	1546	1260	1247
0	0	0	0	-332	856	16076	-386	27	85	1934	1544	1260	1245
0	0	0	0	76	1040	16036	-369	109	83	1943	1545	1261	1248
0	0	0	0	1644	36	15264	-368	86	106	1932	1553	1260	1246
0	0	0	0	-72	732	15656	-370	22	89	1933	1547	1261	1248
0	0	0	0	-304	1204	16212	-386	97	83	1934	1544	1261	1248
0	0	0	0	1648	196	15288	-372	89	121	1933	1545	1261	1241
0	0	0	0	468	320	15312	-377	21	87	1934	1545	1259	1247
0	0	0	0	-568	1388	16340	-392	57	68	1928	1545	1260	1246
0	0	0	0	1336	272	15528	-362	111	96	1933	1545	1261	1246
0	0	0	0	1008	128	15156	-367	36	100	1934	1544	1262	1247
0	0	0	0	-596	1244	16360	-369	51	81	1936	1545	1260	1246
0	0	0	0	804	572	15612	-369	109	86	1933	1543	1259	1246
0	0	0	0	1416	-68	15040	-365	50	106	1933	1543	1259	1246
0	0	0	0	-460	956	16220	-381	41	79	1932	1543	1260	1246
0	0	0	0	288	1036	15752	-384	109	83	1934	1540	1260	1246
0	0	0	0	1688	-16	15096	-368	73	106	1933	1546	1260	1247
0	0	0	0	-268	924	15984	-381	20	88	1933	1544	1262	1244
0	0	0	0	52	1272	16032	-378	94	77	1933	1544	1260	1247
0	0	0	0	1688	0	15272	-366	88	112	1933	1546	1257	1246
0	0	0	0	176	596	15588	-377	14	105	1934	1544	1260	1246
0	0	0	0	-320	1420	16276	-377	85	69	1933	1544	1260	1246
0	0	0	0	1404	192	15424	-371	112	105	1932	1545	1261	1246
0	0	0	0	688	204	15252	-386	16	98	1931	1545	1261	1243
0	0	0	0	-528	1372	16416	-375	50	78	1932	1545	1260	1247
0	0	0	0	1160	400	15392	-367	110	99	1932	1546	1262	1246
0	0	0	0	1116	28	15156	-370	43	100	1931	1550	1261	1242
0	0	0	0	-488	1236	16424	-385	42	76	1933	1544	1261	1247
0	0	0	0	632	780	15608	-371	117	83	1932	1545	1260	1247
0	0	0	0	1576	-132	15204	-371	57	107	1934	1545	1261	1253
0	0	0	0	-400	960	16044	-388	23	83	1921	1545	1259	1247
0	0	0	0	220	1044	15984	-384	99	86	1931	1543	1258	1245
0	0	0	0	1592	-36	15088	-360	76	107	1933	1543	1260	1246
0	0	0	0	20	768	15792	-379	4	93	1939	1545	1260	1245
0	0	0	0	-132	1404	16084	-379	87	67	1933	1540	1259	1245
0	0	0	0	1712	132	15272	-372	99	103	1932	1544	1260	1246
0	0	0	0	452	392	15420	-380	16	94	1932	1545	1261	1245
0	0	0	0	-516	1440	16544	-393	79	77	1933	1540	1262	1246
0	0	0	0	1404	292	15260	-370	109	100	1933	1546	1261	1247
0	0	0	0	896	64	15192	-378	22	92	1934	1546	1261	1246
0	0	0	0	-584	1248	16368	-391	51	75	1934	1546	1260	1246
0	0	0	0	1000	456	15576	-364	113	95	1932	1543	1258	1247
0	0	0	0	1336	4	15140	-372	46	113	1932	1544	1260	1246
0	0	0	0	-480	1076	16252	-393	32	82	1932	1544	1260	1247
0	0	0	0	488	800	15856	-373	117	91	1933	1544	1260	1249
0	0	0	0	1612	-40	15044	-369	69	113	1931	1545	1262	1245
0	0	0	0	-224	916	15888	-368	21	84	1933	1545	1261	1247
0	0	0	0	40	1028	16000	-379	110	81	1933	1545	1261	1246
0	0	0	0	1672	-88	15160	-372	80	116	1931	1545	1261	1244
0	0	0	0	176	532	15612	-381	11	97	1934	1544	1261	1247
0	0	0	0	-332	1220	16212	-384	83	82	1933	1547	1262	1247
0	0	0	0	416	804	15868	-378	111	88	1933	1545	1260	1247
0	0	0	0	1528	-124	15048	-381	67	111	1928	1546	1256	1245
0	0	0	0	-260	940	16036	-379	26	86	1935	1545	1260	1247
0	0	0	0	-36	1164	16044	-377	114	84	1933	1544	1262	1248
0	0	0	0	1540	76	15232	-376	71	103	1933	1545	1261	1248
0	0	0	0	204	824	15476	-434	30	81	1934	1545	1259	1246
0	0	0	0	-204	896	16580	-410	67	86	1935	1544	1261	1246
0	0	0	0	912	-64	15404	-344	101	97	1933	1545	1261	1247
0	0	0	0	920	764	15076	-404	26	96	1933	1542	1261	1247
0	0	0	0	-336	1032	16564	-415	64	77	1933	1546	1261	1245
0	0	0	0	984	64	15392	-322	103	90	1933	1549	1262	1247
0	0	0	0	808	340	15304	-321	24	96	1934	1544	1262	1247
0	0	0	0	-540	1368	16352	-359	54	70	1934	1545	1259	1247
0	0	0	0	1088	228	15512	-320	77	103	1934	1545	1261	1246
