0	0	0	0	-76	1100	16092	-379	82	90	2026	1639	1260	1247
0	0	0	0	316	636	15488	-359	39	85	2023	1639	1259	1247
0	0	0	0	-240	1416	16232	-393	79	79	2026	1639	1262	1246
0	0	0	0	1008	232	15520	-381	105	101	2026	1640	1260	1245
0	0	0	0	980	124	15280	-367	38	101	2025	1640	1261	1247
0	0	0	0	-304	1280	16100	-364	50	85	2027	1640	1261	1246
0	0	0	0	376	672	15908	-378	96	90	2025	1639	1261	1246
0	0	0	0	1360	-8	15264	-375	85	110	2024	1639	1260	1245
0	0	0	0	168	876	15628	-372	30	80	2025	1635	1260	1247
0	0	0	0	-288	1280	16080	-377	36	69	2027	1640	1261	1247
0	0	0	0	456	732	15816	-379	93	94	2025	1639	1261	1247
0	0	0	0	1412	8	15328	-362	83	111	2026	1639	1261	1246
0	0	0	0	96	936	15624	-387	28	80	2026	1639	1259	1246
0	0	0	0	-140	1256	16040	-382	83	69	2025	1639	1260	1247
0	0	0	0	1192	96	15352	-362	90	102	2025	1640	1263	1245
0	0	0	0	760	280	15356	-380	33	98	2027	1639	1260	1247
0	0	0	0	-316	1392	16128	-379	53	77	2026	1639	1262	1246
0	0	0	0	600	456	15640	-368	102	87	2026	1639	1261	1245
0	0	0	0	1348	-56	15276	-369	59	105	2025	1641	1263	1247
0	0	0	0	4	976	15980	-386	31	79	2026	1640	1261	1244
0	0	0	0	-44	1020	16092	-371	87	89	2026	1641	1255	1247
0	0	0	0	1396	148	15444	-369	81	97	2026	1640	1261	1247
0	0	0	0	612	556	15540	-375	24	91	2026	1639	1261	1246
0	0	0	0	-260	1296	16200	-373	59	82	2026	1638	1263	1247
0	0	0	0	868	156	15536	-365	95	104	2026	1640	1261	1247
0	0	0	0	1152	148	15276	-376	39	101	2027	1639	1261	1246
0	0	0	0	-280	1116	16056	-375	45	86	2023	1640	1261	1247
0	0	0	0	232	736	15928	-377	96	91	2025	1638	1261	1246
0	0	0	0	1532	-56	15380	-365	66	100	2025	1640	1260	1255
0	0	0	0	176	864	15828	-376	22	85	2025	1639	1261	1245
0	0	0	0	-84	1368	16088	-379	79	85	2025	1636	1260	1247
0	0	0	0	1048	72	15568	-366	102	99	2026	1638	1260	1246
0	0	0	0	960	316	15184	-367	42	99	2024	1639	1261	1247
0	0	0	0	-276	1328	16172	-380	53	80	2026	1634	1261	1244
0	0	0	0	528	588	15776	-376	107	84	2026	1639	1260	1246
0	0	0	0	1384	56	15340	-377	67	111	2026	1638	1260	1252
0	0	0	0	16	960	15792	-381	23	88	2025	1638	1252	1246
0	0	0	0	20	1028	16048	-371	86	79	2026	1639	1260	1245
0	0	0	0	1308	-52	15388	-371	100	108	2025	1638	1260	1247
0	0	0	0	648	448	15484	-382	39	88	2027	1638	1259	1247
0	0	0	0	-332	1300	16236	-382	64	79	2025	1639	1261	1245
0	0	0	0	840	296	15540	-369	106	97	2025	1639	1260	1244
0	0	0	0	1248	-12	15260	-367	63	101	2024	1638	1260	1246
0	0	0	0	-144	1116	15860	-383	39	77	2025	1640	1261	1245
0	0	0	0	232	868	15732	-377	92	82	2024	1639	1262	1244
0	0	0	0	1424	4	15332	-360	77	105	2025	1637	1254	1245
0	0	0	0	408	720	15472	-380	25	87	2026	1638	1261	1246
0	0	0	0	-156	1264	16116	-374	73	83	2024	1641	1260	1247
0	0	0	0	1008	244	15456	-361	98	97	2025	1639	1260	1247
0	0	0	0	1032	212	15252	-373	44	107	2025	1638	1259	1247
0	0	0	0	-420	1228	16016	-377	41	89	2023	1640	1260	1245
0	0	0	0	324	604	15740	-371	89	92	2025	1639	1259	1245
0	0	0	0	1360	96	15192	-361	70	100	2025	1635	1260	1246
0	0	0	0	144	948	15728	-377	22	81	2024	1638	1260	1244
0	0	0	0	-296	1220	15988	-388	94	84	2023	1639	1259	1247
0	0	0	0	1196	196	15500	-369	104	104	2025	1635	1261	1245
0	0	0	0	864	364	15348	-372	34	97	2024	1639	1261	1246
0	0	0	0	-392	1240	16108	-382	47	80	2026	1640	1259	1246
0	0	0	0	588	392	15844	-365	110	99	2025	1638	1260	1246
0	0	0	0	1316	-40	15404	-379	51	99	2026	1639	1259	1247
0	0	0	0	-52	1032	15732	-376	20	81	2025	1638	1260	1245
0	0	0	0	-52	1032	15984	-374	89	81	2025	1639	1260	1246
0	0	0	0	1264	144	15412	-365	87	103	2026	1639	1260	1247
0	0	0	0	604	488	15424	-368	33	99	2026	1638	1261	1245
0	0	0	0	-276	1324	16120	-384	64	86	2026	1639	1259	1246
0	0	0	0	820	320	15612	-370	110	91	2025	1640	1260	1245
0	0	0	0	1120	52	15356	-360	51	102	2025	1638	1260	1245
0	0	0	0	-176	1168	16104	-378	31	83	2026	1639	1260	1246
0	0	0	0	204	868	15820	-372	102	89	2025	1638	1261	1246
0	0	0	0	1468	60	15272	-372	77	121	2026	1639	1259	1247
0	0	0	0	440	712	15452	-381	40	88	2026	1639	1261	1246
0	0	0	0	-200	1300	16044	-385	77	79	2024	1641	1261	1247
0	0	0	0	1016	264	15568	-376	111	103	2026	1638	1260	1247
0	0	0	0	964	224	15384	-360	42	98	2026	1639	1261	1247
0	0	0	0	-312	1088	16132	-375	36	81	2024	1641	1261	1246
0	0	0	0	280	724	15780	-367	110	85	2021	1639	1260	1246
0	0	0	0	1316	-48	15456	-363	76	99	2023	1638	1253	1245
0	0	0	0	112	848	15520	-370	26	76	2025	1635	1261	1247
0	0	0	0	-140	1156	16016	-386	79	83	2026	1639	1262	1248
0	0	0	0	1204	188	15308	-377	96	106	2027	1641	1262	1246
0	0	0	0	840	412	15268	-359	28	95	2025	1639	1262	1247
0	0	0	0	-288	1232	16144	-385	54	79	2022	1639	1259	1247
0	0	0	0	660	492	15804	-379	106	104	2026	1639	1260	1246
0	0	0	0	1224	52	15344	-370	67	102	2026	1640	1260	1246
0	0	0	0	-96	892	15840	-376	31	91	2025	1640	1261	1247
0	0	0	0	100	912	16000	-380	89	84	2027	1640	1259	1247
0	0	0	0	1448	76	15400	-361	89	101	2026	1639	1260	1246
0	0	0	0	612	532	15496	-370	24	101	2027	1640	1261	1248
0	0	0	0	-288	1396	16152	-382	63	82	2026	1639	1261	1245
0	0	0	0	884	388	15464	-363	103	99	2025	1638	1260	1246
0	0	0	0	1116	176	15416	-369	50	98	2024	1639	1260	1246
0	0	0	0	-100	1104	16036	-382	51	72	2025	1639	1262	1245
0	0	0	0	244	768	15788	-389	94	84	2023	1639	1261	1247
0	0	0	0	1404	84	15356	-371	76	96	2025	1641	1260	1246
0	0	0	0	288	780	15600	-377	24	94	2025	1639	1261	1247
0	0	0	0	-236	1352	16004	-385	70	83	2022	1639	1261	1243
0	0	0	0	1164	192	15604	-382	97	105	2025	1640	1261	1247
0	0	0	0	1072	336	15352	-368	40	98	2026	1639	1255	1247
0	0	0	0	-220	1304	15984	-387	53	71	2025	1641	1261	1247
0	0	0	0	364	600	15744	-374	101	92	2027	1635	1261	1245
0	0	0	0	1352	-8	15372	-349	67	112	2026	1637	1261	1246
0	0	0	0	128	900	15696	-381	31	84	2025	1639	1261	1246
0	0	0	0	-152	1244	16044	-386	88	88	2025	1639	1260	1247
0	0	0	0	1288	132	15380	-367	95	97	2031	1639	1261	1247
0	0	0	0	832	360	15416	-364	44	93	2025	1639	1262	1246
0	0	0	0	-264	1368	16080	-390	54	82	2027	1638	1260	1245
0	0	0	0	564	608	15688	-379	104	93	2025	1639	1259	1247
0	0	0	0	1264	-92	15240	-372	62	94	2025	1640	1259	1246
0	0	0	0	52	1080	15812	-376	31	87	2026	1639	1261	1247
0	0	0	0	40	976	15944	-381	94	81	2019	1639	1261	1247
0	0	0	0	1424	104	15336	-371	92	100	2026	1638	1259	1244
0	0	0	0	480	652	15308	-371	26	94	2026	1638	1261	1245
0	0	0	0	-284	1292	16000	-389	71	83	2026	1639	1259	1245
0	0	0	0	864	328	15644	-369	112	99	2025	1639	1259	1245
0	0	0	0	1200	192	15372	-357	43	96	2025	1638	1259	1246
0	0	0	0	-92	1096	15920	-379	39	90	2024	1639	1261	1245
0	0	0	0	228	808	15880	-384	95	96	2024	1640	1261	1245
0	0	0	0	1304	124	15384	-373	81	96	2024	1639	1262	1246
0	0	0	0	400	748	15620	-371	30	93	2025	1638	1260	1246
0	0	0	0	-200	1176	16156	-384	76	88	2026	1639	1260	1245
0	0	0	0	1104	316	15608	-377	97	103	2025	1639	1261	1246
0	0	0	0	1012	236	15220	-376	42	92	2026	1638	1262	1246
0	0	0	0	-300	1208	15948	-396	44	78	2023	1639	1260	1247
0	0	0	0	480	492	15852	-396	107	95	2033	1638	1261	1245
0	0	0	0	1160	60	15344	-366	62	96	2025	1637	1261	1247
0	0	0	0	148	948	15812	-382	30	87	2025	1638	1260	1246
0	0	0	0	-148	992	16052	-372	89	88	2026	1639	1261	1246
0	0	0	0	1140	56	15336	-389	95	96	2023	1642	1262	1247
0	0	0	0	1160	12	15416	-400	94	103	2025	1637	1258	1247
0	0	0	0	684	936	15480	-406	24	82	2025	1643	1260	1246
0	0	0	0	112	800	16052	-389	83	90	2026	1637	1259	1246
0	0	0	0	736	192	15532	-379	101	88	2026	1643	1262	1247
0	0	0	0	1120	476	15528	-361	40	88	2025	1637	1258	1244
0	0	0	0	-316	1268	16092	-338	66	86	2019	1639	1261	1245
0	0	0	0	692	540	15708	-356	96	101	2025	1639	1260	1256
0	0	0	0	1716	612	15192	-333	26	90	2026	1640	1261	1244
0	0	0	0	-200	900	15584	-347	15	86	2026	1637	1260	1247
