0	0	0	0	-888	724	16840	-356	41	80	2207	1796	1260	1257
0	0	0	0	804	564	15884	-358	103	90	2206	1794	1260	1247
0	0	0	0	1224	80	15304	-362	49	99	2205	1796	1259	1246
0	0	0	0	-160	876	15948	-402	34	91	2207	1796	1261	1245
0	0	0	0	0	1084	16124	-373	98	83	2206	1794	1260	1243
0	0	0	0	1324	208	15308	-353	99	100	2206	1795	1261	1246
0	0	0	0	800	288	15452	-386	29	98	2207	1795	1259	1245
0	0	0	0	-440	1008	16240	-377	55	92	2206	1795	1261	1246
0	0	0	0	612	760	15736	-374	99	85	2201	1795	1261	1246
0	0	0	0	1532	152	15260	-376	68	108	2206	1795	1262	1247
0	0	0	0	44	664	15664	-377	22	79	2207	1795	1261	1246
0	0	0	0	-116	1232	15956	-378	89	84	2201	1795	1260	1247
0	0	0	0	1240	352	15456	-360	97	108	2206	1797	1270	1247
0	0	0	0	1048	240	15268	-377	41	93	2205	1794	1260	1246
0	0	0	0	-400	1096	16160	-394	42	84	2206	1795	1261	1247
0	0	0	0	260	884	15952	-361	98	85	2207	1791	1259	1247
0	0	0	0	1492	232	15404	-369	80	102	2207	1796	1260	1247
0	0	0	0	352	548	15480	-386	27	82	2206	1796	1262	1247
0	0	0	0	-348	1288	16148	-382	73	74	2206	1796	1261	1248
0	0	0	0	1088	548	15664	-367	102	94	2207	1791	1261	1246
0	0	0	0	1232	144	15320	-366	57	102	2206	1796	1260	1246
0	0	0	0	-392	908	16072	-384	26	87	2206	1797	1261	1246
0	0	0	0	168	1164	15860	-382	75	88	2206	1795	1257	1247
0	0	0	0	1488	200	15172	-358	73	103	2206	1796	1261	1247
0	0	0	0	628	368	15372	-380	25	98	2207	1796	1257	1247
0	0	0	0	-316	1128	16236	-377	44	79	2206	1796	1259	1248
0	0	0	0	788	612	15556	-362	95	96	2206	1795	1261	1243
0	0	0	0	1332	52	14968	-374	52	104	2207	1794	1260	1246
0	0	0	0	948	224	15484	-370	29	91	2205	1796	1260	1245
0	0	0	0	-476	1104	16180	-381	33	79	2205	1797	1261	1243
0	0	0	0	504	768	15928	-362	101	93	2205	1794	1262	1245
0	0	0	0	1424	84	15120	-369	87	107	2202	1795	1261	1246
0	0	0	0	140	664	15616	-381	25	88	2208	1795	1261	1246
0	0	0	0	-180	1180	16108	-384	78	93	2201	1795	1261	1248
0	0	0	0	1128	396	15456	-365	111	102	2206	1796	1260	1247
0	0	0	0	964	256	15312	-373	23	102	2206	1795	1261	1246
0	0	0	0	-360	1008	16092	-397	47	76	2205	1795	1257	1241
0	0	0	0	372	700	15772	-364	94	92	2207	1791	1259	1246
0	0	0	0	1428	208	15384	-372	92	106	2206	1797	1261	1246
0	0	0	0	112	628	15716	-370	16	91	2206	1797	1262	1247
0	0	0	0	-220	1128	16124	-378	92	82	2206	1791	1259	1245
0	0	0	0	1136	436	15460	-365	115	101	2207	1795	1261	1246
0	0	0	0	1100	280	15452	-375	48	100	2206	1796	1261	1245
0	0	0	0	-400	1072	16072	-380	40	82	2207	1797	1262	1247
0	0	0	0	416	864	15788	-364	102	87	2205	1795	1258	1259
0	0	0	0	1468	60	15188	-375	65	107	2207	1795	1260	1245
0	0	0	0	188	604	15672	-380	29	87	2206	1798	1261	1246
0	0	0	0	-240	1200	16064	-379	89	82	2207	1795	1261	1247
0	0	0	0	1196	352	15352	-364	101	98	2203	1787	1259	1246
0	0	0	0	1056	256	15312	-378	39	112	2206	1794	1259	1247
0	0	0	0	-404	1044	16168	-382	47	73	2206	1796	1259	1245
0	0	0	0	456	836	15912	-377	106	88	2207	1794	1259	1244
0	0	0	0	1500	168	15284	-369	80	110	2205	1795	1260	1247
0	0	0	0	300	544	15440	-378	22	89	2205	1794	1261	1247
0	0	0	0	-260	1172	16116	-379	68	71	2207	1795	1260	1246
0	0	0	0	1004	320	15472	-361	102	96	2201	1795	1261	1246
0	0	0	0	1208	256	15332	-380	38	90	2206	1795	1260	1246
0	0	0	0	-264	1008	15948	-390	50	88	2198	1795	1261	1247
0	0	0	0	256	976	15892	-371	105	88	2207	1796	1260	1247
0	0	0	0	1544	140	15264	-369	76	122	2207	1796	1259	1246
0	0	0	0	368	588	15456	-379	20	93	2206	1796	1260	1246
0	0	0	0	-184	1192	16200	-374	77	83	2206	1795	1260	1247
0	0	0	0	1080	460	15536	-364	108	103	2206	1791	1259	1246
0	0	0	0	1152	112	15340	-365	51	101	2206	1794	1256	1246
0	0	0	0	-352	1012	16148	-386	34	84	2206	1795	1261	1245
0	0	0	0	204	992	15864	-374	103	95	2205	1794	1262	1245
0	0	0	0	1436	48	15264	-365	84	105	2216	1795	1259	1246
0	0	0	0	412	648	15568	-382	19	95	2200	1796	1260	1246
0	0	0	0	-448	1148	16252	-385	76	77	2205	1794	1261	1246
0	0	0	0	1012	376	15592	-369	117	92	2206	1796	1259	1245
0	0	0	0	1120	176	15388	-374	58	101	2203	1796	1261	1246
0	0	0	0	-364	992	16064	-383	28	80	2206	1793	1261	1245
0	0	0	0	172	996	15852	-365	96	81	2206	1794	1260	1247
0	0	0	0	1448	176	15288	-366	87	113	2207	1793	1261	1243
0	0	0	0	432	508	15464	-376	24	100	2206	1794	1259	1246
0	0	0	0	-336	1152	16296	-384	65	84	2205	1794	1261	1247
0	0	0	0	840	416	15576	-361	115	96	2207	1795	1260	1246
0	0	0	0	1232	168	15316	-381	58	101	2202	1795	1261	1246
0	0	0	0	-212	796	16072	-388	36	89	2205	1794	1259	1246
0	0	0	0	108	916	16000	-381	99	84	2206	1794	1260	1245
0	0	0	0	1372	184	15388	-375	84	108	2201	1795	1260	1248
0	0	0	0	620	400	15328	-378	28	92	2207	1795	1261	1246
0	0	0	0	-532	1168	16420	-379	59	84	2206	1796	1262	1246
0	0	0	0	716	588	15600	-368	118	87	2206	1795	1261	1246
0	0	0	0	1276	76	15344	-370	65	97	2206	1789	1259	1246
0	0	0	0	-176	716	15916	-380	39	84	2207	1794	1260	1246
0	0	0	0	-60	1200	16132	-365	94	80	2206	1795	1259	1242
0	0	0	0	1284	144	15376	-363	99	102	2206	1795	1260	1246
0	0	0	0	852	324	15252	-379	38	89	2206	1797	1257	1246
0	0	0	0	-364	1060	16284	-384	50	76	2206	1796	1261	1246
0	0	0	0	640	688	15760	-357	102	96	2206	1789	1261	1246
0	0	0	0	1492	204	15184	-370	55	108	2207	1796	1258	1247
0	0	0	0	64	844	15828	-385	18	88	2205	1795	1260	1247
0	0	0	0	-132	1104	15972	-372	91	73	2210	1796	1261	1246
0	0	0	0	1268	260	15384	-359	95	101	2206	1796	1260	1247
0	0	0	0	836	248	15472	-385	33	104	2206	1795	1261	1244
0	0	0	0	-532	1060	16368	-375	52	76	2207	1795	1261	1246
0	0	0	0	432	800	15700	-366	95	83	2207	1795	1260	1246
0	0	0	0	1448	136	15228	-368	66	92	2207	1795	1260	1247
0	0	0	0	44	668	15584	-380	20	88	2201	1795	1261	1246
0	0	0	0	-164	1272	16276	-379	76	72	2205	1796	1260	1246
0	0	0	0	1184	280	15428	-369	111	105	2206	1794	1261	1246
0	0	0	0	1064	204	15400	-383	46	98	2201	1796	1261	1245
0	0	0	0	-352	1040	16012	-385	40	80	2205	1796	1262	1247
0	0	0	0	372	904	15980	-364	96	83	2206	1795	1260	1248
0	0	0	0	1456	212	15320	-368	80	107	2205	1796	1260	1247
0	0	0	0	464	528	15416	-388	30	99	2207	1786	1263	1246
0	0	0	0	-76	744	15876	-393	23	83	2207	1795	1260	1253
0	0	0	0	100	1220	15972	-382	83	78	2206	1795	1260	1246
0	0	0	0	1432	252	15332	-372	98	87	2206	1803	1260	1247
0	0	0	0	932	212	15288	-384	22	97	2207	1795	1263	1247
0	0	0	0	-512	1112	16284	-388	43	90	2206	1795	1261	1247
0	0	0	0	552	656	15768	-371	103	86	2205	1795	1259	1246
0	0	0	0	1532	176	15252	-379	53	104	2205	1795	1257	1246
0	0	0	0	-12	672	15816	-379	28	86	2205	1796	1260	1247
0	0	0	0	-184	968	16148	-378	87	75	2200	1795	1261	1246
0	0	0	0	1164	312	15320	-369	100	99	2208	1796	1261	1246
0	0	0	0	912	240	15244	-376	28	100	2207	1795	1260	1244
0	0	0	0	-312	1076	16260	-383	37	73	2206	1796	1255	1246
0	0	0	0	456	872	15796	-364	98	85	2208	1794	1260	1246
0	0	0	0	1512	36	15164	-375	75	102	2207	1795	1260	1246
0	0	0	0	80	640	15560	-376	25	86	2205	1794	1262	1246
0	0	0	0	-216	1288	16236	-382	91	78	2206	1795	1260	1246
0	0	0	0	1148	416	15520	-358	108	93	2207	1804	1261	1246
0	0	0	0	964	132	15212	-375	37	112	2201	1795	1260	1246
0	0	0	0	-376	1052	16060	-386	40	78	2204	1796	1260	1246
0	0	0	0	172	812	15928	-378	80	86	2206	1796	1260	1245
0	0	0	0	1520	144	15272	-364	85	99	2206	1796	1260	1247
0	0	0	0	404	472	15468	-375	30	89	2206	1790	1259	1247
0	0	0	0	-432	1120	16328	-379	57	86	2200	1794	1260	1246
0	0	0	0	840	520	15496	-363	109	93	2207	1794	1260	1246
0	0	0	0	1340	128	15284	-383	63	106	2206	1789	1260	1246
0	0	0	0	-164	840	15896	-376	41	91	2205	1795	1260	1246
0	0	0	0	-116	1096	16132	-380	89	79	2206	1794	1259	1247
0	0	0	0	1304	260	15464	-362	106	105	2206	1794	1260	1246
0	0	0	0	780	236	15452	-377	32	108	2205	1793	1256	1246
0	0	0	0	-364	1052	16256	-384	55	73	2202	1802	1260	1246
0	0	0	0	632	772	15752	-369	109	89	2207	1794	1259	1245
0	0	0	0	1452	96	15184	-370	72	107	2206	1796	1262	1246
0	0	0	0	112	500	15772	-375	19	83	2203	1794	1260	1243
0	0	0	0	-160	1160	16064	-377	79	90	2206	1794	1261	1246
0	0	0	0	1208	356	15476	-363	100	94	2207	1796	1261	1245
0	0	0	0	1028	280	15200	-375	45	101	2206	1795	1260	1242
0	0	0	0	-352	1076	16116	-377	37	86	2205	1795	1268	1246
0	0	0	0	352	872	15980	-372	111	90	2207	1794	1260	1246
0	0	0	0	1448	268	15232	-370	76	101	2205	1795	1262	1246
0	0	0	0	348	500	15516	-369	21	99	2201	1794	1260	1246
0	0	0	0	-288	1176	16188	-383	65	75	2206	1795	1260	1247
0	0	0	0	1028	404	15652	-369	97	95	2207	1795	1260	1246
0	0	0	0	1112	224	15288	-379	53	101	2206	1794	1261	1245
0	0	0	0	-192	944	16044	-397	31	90	2206	1790	1259	1246
0	0	0	0	72	856	15900	-394	105	82	2209	1795	1259	1246
0	0	0	0	1164	252	15204	-386	87	93	2204	1795	1260	1243
0	0	0	0	720	636	15600	-385	43	88	2207	1792	1260	1243
0	0	0	0	-288	1012	16160	-388	48	94	2206	1796	1261	1246
0	0	0	0	764	500	15728	-365	97	92	2205	1795	1259	1246
0	0	0	0	1204	172	15288	-367	67	106	2207	1794	1260	1247
0	0	0	0	152	860	15840	-349	25	81	2206	1794	1258	1245
0	0	0	0	-244	712	16548	-344	108	102	2205	1794	1259	1243
0	0	0	0	1032	-152	15484	-339	113	109	2206	1795	1259	1245
0	0	0	0	676	308	15172	-349	38	87	2207	1794	1261	1255
0	0	0	0	-336	1160	16080	-377	52	76	2203	1788	1260	1245
0	0	0	0	596	616	15580	-378	113	98	2205	1794	1260	1246
