0	0	0	0	1332	516	15336	-361	171	82	2015	1608	1783	1726
0	0	0	0	2512	372	14596	-353	107	97	2015	1608	1784	1726
0	0	0	0	2204	184	14736	-369	13	139	2013	1613	1780	1726
0	0	0	0	856	-44	15076	-377	-32	124	2013	1607	1782	1725
0	0	0	0	-656	532	16340	-375	-23	71	2015	1607	1783	1725
0	0	0	0	-1452	1116	16860	-385	57	47	2013	1607	1780	1726
0	0	0	0	-692	1016	16504	-389	129	81	2013	1607	1783	1726
0	0	0	0	760	636	15680	-377	162	97	2012	1607	1783	1725
0	0	0	0	2204	304	14796	-365	135	99	2014	1607	1784	1725
0	0	0	0	2620	152	14556	-358	68	113	2013	1606	1782	1723
0	0	0	0	1920	140	14648	-372	-18	106	2014	1607	1782	1725
0	0	0	0	208	432	15492	-368	-40	87	2014	1606	1783	1726
0	0	0	0	-1148	784	16580	-377	11	58	2015	1608	1783	1734
0	0	0	0	-1216	1040	16868	-382	84	59	2014	1606	1783	1724
0	0	0	0	68	1024	16256	-371	158	81	2011	1607	1783	1725
0	0	0	0	1560	640	15208	-365	157	108	2013	1605	1783	1725
0	0	0	0	2516	248	14580	-362	105	116	2009	1608	1784	1727
0	0	0	0	2196	68	14452	-363	19	114	2015	1608	1783	1725
0	0	0	0	868	304	15332	-369	-37	96	2013	1608	1782	1725
0	0	0	0	-880	576	16416	-380	-22	74	2015	1603	1783	1727
0	0	0	0	-1372	964	16724	-374	46	66	2013	1602	1783	1726
0	0	0	0	-572	996	16612	-379	127	58	2016	1606	1783	1724
0	0	0	0	1020	824	15560	-373	174	88	2013	1607	1783	1725
0	0	0	0	2232	424	14784	-365	135	111	2015	1608	1783	1726
0	0	0	0	2664	200	14512	-357	56	120	2013	1607	1783	1723
0	0	0	0	1636	104	14796	-363	-22	111	2014	1608	1783	1726
0	0	0	0	-80	360	15840	-378	-31	80	2015	1607	1784	1723
0	0	0	0	-1196	824	16784	-380	23	62	2014	1606	1781	1723
0	0	0	0	-972	908	16796	-387	109	57	2008	1607	1777	1725
0	0	0	0	384	952	16132	-385	163	80	2013	1606	1783	1726
0	0	0	0	1864	572	15084	-374	148	108	2016	1608	1783	1724
0	0	0	0	2592	220	14464	-371	86	122	2015	1607	1783	1722
0	0	0	0	2176	80	14632	-366	6	118	2016	1607	1783	1725
0	0	0	0	328	160	15464	-363	-37	100	2015	1607	1782	1727
0	0	0	0	-1344	844	16732	-375	23	68	2014	1601	1782	1725
0	0	0	0	-584	804	16744	-376	136	81	2014	1607	1783	1726
0	0	0	0	1804	628	15348	-374	167	102	2014	1607	1784	1726
0	0	0	0	2388	300	14324	-366	41	110	2014	1605	1784	1726
0	0	0	0	-328	608	15724	-373	-35	77	2009	1607	1784	1725
0	0	0	0	-544	684	16952	-379	101	77	2014	1607	1786	1726
0	0	0	0	1888	448	15416	-372	149	99	2014	1607	1783	1726
0	0	0	0	1124	516	14476	-366	21	86	2014	1606	1784	1725
0	0	0	0	-532	728	16152	-368	32	82	2015	1604	1783	1726
0	0	0	0	1432	548	16024	-372	117	106	2015	1608	1784	1726
0	0	0	0	828	540	15036	-375	21	78	2015	1608	1783	1726
0	0	0	0	-216	800	15936	-374	93	77	2015	1607	1785	1725
0	0	0	0	1892	356	15404	-368	76	102	2016	1609	1786	1727
0	0	0	0	-228	576	15716	-363	7	87	2013	1607	1784	1727
0	0	0	0	200	716	15900	-384	130	91	2018	1608	1785	1727
0	0	0	0	2024	308	14888	-367	41	104	2015	1608	1781	1723
0	0	0	0	-992	836	16456	-366	30	65	2015	1607	1782	1725
0	0	0	0	1680	532	15496	-379	145	120	2014	1606	1783	1726
0	0	0	0	456	552	15244	-370	-5	80	2014	1609	1784	1726
0	0	0	0	84	708	16076	-378	111	89	2014	1607	1784	1724
0	0	0	0	1812	256	14988	-367	39	99	2015	1608	1784	1726
0	0	0	0	-740	648	16512	-378	51	60	2014	1609	1783	1728
0	0	0	0	2052	396	15100	-372	96	110	2015	1606	1784	1723
0	0	0	0	-584	612	16152	-364	13	75	2014	1606	1784	1727
0	0	0	0	1432	392	15436	-377	138	96	2015	1609	1786	1726
0	0	0	0	132	632	15428	-364	-6	75	2015	1607	1784	1728
0	0	0	0	704	492	15828	-383	128	96	2009	1609	1784	1727
0	0	0	0	972	488	15064	-370	10	78	2014	1608	1784	1728
0	0	0	0	108	684	16256	-377	127	85	2015	1610	1783	1728
0	0	0	0	1488	436	14804	-361	28	101	2014	1607	1784	1727
0	0	0	0	-176	676	16316	-377	101	78	2010	1604	1784	1726
0	0	0	0	1596	480	14792	-362	42	99	2014	1607	1783	1728
0	0	0	0	-220	688	16396	-374	82	78	2015	1609	1783	1726
0	0	0	0	1648	476	14684	-366	66	101	2016	1603	1785	1726
0	0	0	0	-288	660	16404	-375	76	83	2011	1608	1783	1728
0	0	0	0	1640	528	14960	-373	46	96	2014	1607	1784	1726
0	0	0	0	-224	580	16408	-384	97	78	2015	1608	1784	1727
0	0	0	0	1436	444	14956	-364	37	100	2015	1607	1774	1727
0	0	0	0	-8	568	16284	-381	97	80	2014	1608	1784	1726
0	0	0	0	1136	580	15016	-352	34	89	2014	1606	1783	1727
0	0	0	0	376	548	16260	-382	116	103	2015	1609	1783	1727
0	0	0	0	596	584	15204	-362	5	93	2015	1601	1783	1724
0	0	0	0	804	496	15812	-378	116	105	2014	1608	1785	1727
0	0	0	0	68	664	15576	-369	-3	79	2014	1610	1785	1727
0	0	0	0	1352	564	15508	-369	125	98	2014	1608	1784	1723
0	0	0	0	-236	564	16088	-364	23	69	2014	1608	1783	1726
0	0	0	0	1596	540	14964	-370	97	99	2014	1608	1783	1727
0	0	0	0	-340	616	16244	-377	56	74	2015	1606	1785	1733
0	0	0	0	1468	552	14844	-366	57	97	2009	1606	1783	1724
0	0	0	0	272	492	16264	-381	95	90	2013	1608	1783	1725
0	0	0	0	608	644	15332	-371	14	81	2014	1608	1783	1726
0	0	0	0	936	540	15676	-381	121	101	2015	1607	1784	1726
0	0	0	0	40	596	15868	-361	19	73	2015	1603	1783	1726
0	0	0	0	1640	576	15160	-371	102	114	2014	1607	1783	1726
0	0	0	0	-264	488	16216	-371	46	76	2015	1606	1782	1726
0	0	0	0	1432	584	15012	-371	58	88	2014	1602	1783	1725
0	0	0	0	428	496	16016	-365	107	95	2015	1607	1783	1728
0	0	0	0	392	604	15568	-366	11	90	2014	1607	1784	1725
0	0	0	0	1288	524	15572	-372	116	93	2007	1608	1783	1725
0	0	0	0	-212	564	16056	-361	30	73	2015	1606	1781	1726
0	0	0	0	1604	460	15036	-357	70	92	2014	1607	1783	1726
0	0	0	0	68	584	16428	-383	87	91	2013	1617	1783	1726
0	0	0	0	644	620	15172	-362	31	77	2013	1608	1784	1726
0	0	0	0	1044	528	15612	-376	111	98	2014	1608	1786	1726
0	0	0	0	-148	580	15920	-383	25	79	2014	1607	1783	1725
0	0	0	0	1540	524	14880	-370	81	101	2014	1609	1783	1727
0	0	0	0	104	512	16432	-367	84	81	2014	1607	1783	1723
0	0	0	0	740	624	15288	-378	24	90	2014	1606	1783	1726
0	0	0	0	1056	604	15664	-373	111	94	2013	1606	1784	1725
0	0	0	0	-156	592	16024	-365	30	76	2014	1606	1793	1725
0	0	0	0	1544	548	15076	-365	71	94	2009	1607	1783	1726
0	0	0	0	120	500	16036	-375	79	79	2014	1608	1783	1726
0	0	0	0	624	632	15228	-360	28	83	2012	1607	1783	1726
0	0	0	0	1172	600	15592	-370	107	92	2009	1613	1783	1726
0	0	0	0	-168	584	15996	-370	38	80	2014	1608	1783	1725
0	0	0	0	1500	620	14924	-353	75	101	2018	1607	1782	1727
0	0	0	0	300	572	16140	-381	91	83	2015	1607	1784	1726
0	0	0	0	320	636	15424	-356	7	79	2014	1603	1783	1728
0	0	0	0	1236	460	15528	-377	111	101	2013	1607	1782	1725
0	0	0	0	-196	632	16128	-379	44	77	2016	1608	1782	1727
0	0	0	0	1184	528	14968	-359	59	98	2015	1608	1782	1726
0	0	0	0	564	476	15776	-381	102	94	2013	1607	1780	1723
0	0	0	0	184	644	15388	-363	15	72	2014	1607	1782	1724
0	0	0	0	1472	520	15140	-369	107	103	2014	1606	1783	1728
0	0	0	0	-84	560	16196	-381	59	88	2014	1607	1779	1725
0	0	0	0	1084	696	14940	-363	48	89	2014	1606	1784	1725
0	0	0	0	720	476	15968	-375	106	87	2013	1608	1783	1725
0	0	0	0	136	632	15644	-366	12	77	2015	1608	1783	1726
0	0	0	0	1452	504	15172	-372	95	103	2014	1608	1783	1723
0	0	0	0	-112	604	16172	-373	66	83	2015	1609	1785	1726
0	0	0	0	908	584	15152	-369	33	88	2014	1608	1784	1728
0	0	0	0	932	448	15712	-375	109	98	2014	1607	1784	1730
0	0	0	0	-92	540	15956	-377	39	80	2009	1607	1785	1726
0	0	0	0	1472	508	14884	-369	87	106	2015	1607	1783	1737
0	0	0	0	240	456	16024	-384	85	84	2015	1603	1785	1727
0	0	0	0	380	564	15516	-376	14	85	2009	1607	1783	1726
0	0	0	0	1336	628	15248	-366	105	107	2011	1607	1784	1725
0	0	0	0	-64	536	16284	-382	46	75	2015	1608	1783	1727
0	0	0	0	1288	608	15076	-359	63	96	2016	1608	1784	1728
0	0	0	0	792	484	16012	-366	117	103	2015	1603	1783	1727
0	0	0	0	84	624	15652	-361	25	79	2014	1607	1783	1728
0	0	0	0	1532	592	15060	-366	86	95	2015	1607	1784	1726
0	0	0	0	64	504	16212	-381	65	77	2015	1611	1789	1726
0	0	0	0	612	532	15284	-369	18	87	2014	1608	1783	1723
0	0	0	0	1172	428	15500	-372	108	101	2014	1608	1784	1727
0	0	0	0	-144	596	16032	-374	46	75	2015	1608	1784	1726
0	0	0	0	1280	660	14948	-364	54	83	2015	1608	1780	1726
0	0	0	0	516	484	16032	-375	94	86	2014	1607	1784	1727
0	0	0	0	208	640	15608	-364	35	83	2014	1607	1783	1726
0	0	0	0	1428	524	15108	-360	85	107	2014	1608	1785	1726
0	0	0	0	100	488	16380	-374	64	96	2015	1607	1783	1725
0	0	0	0	652	612	15144	-369	27	91	2014	1607	1783	1727
0	0	0	0	1116	516	15396	-373	112	102	2015	1609	1785	1726
0	0	0	0	-136	496	16208	-381	46	71	2014	1606	1783	1727
0	0	0	0	1232	596	14824	-369	47	83	2014	1608	1783	1726
0	0	0	0	768	576	15896	-381	108	101	2014	1608	1784	1726
0	0	0	0	40	540	15896	-371	27	78	2015	1608	1785	1725
0	0	0	0	1416	564	14904	-363	76	93	2008	1607	1784	1725
0	0	0	0	336	440	16192	-380	94	89	2015	1607	1784	1726
0	0	0	0	328	592	15576	-363	22	89	2014	1608	1783	1726
0	0	0	0	1424	540	15116	-370	98	98	2014	1608	1784	1726
0	0	0	0	-100	560	16332	-382	80	76	2016	1605	1785	1727
0	0	0	0	772	624	15248	-361	39	92	2014	1608	1785	1728
0	0	0	0	1028	524	15696	-374	110	102	2015	1606	1783	1726
0	0	0	0	-100	628	15852	-367	30	71	2014	1602	1784	1726
0	0	0	0	1532	520	15156	-378	105	95	2015	1608	1785	1728
0	0	0	0	-480	540	16212	-364	36	79	2015	1607	1783	1726
0	0	0	0	1964	528	15024	-371	107	97	2015	1607	1784	1726
0	0	0	0	-656	636	16264	-373	39	72	2013	1607	1780	1727
0	0	0	0	2020	408	15004	-366	100	110	2014	1607	1782	1725
0	0	0	0	-612	640	16048	-366	0	68	2019	1607	1783	1725
0	0	0	0	1496	424	15532	-376	133	112	2014	1606	1784	1725
0	0	0	0	284	520	15492	-361	-11	88	2014	1607	1784	1722
0	0	0	0	136	688	16140	-371	123	90	2015	1606	1783	1725
0	0	0	0	2028	436	14728	-363	41	114	2016	1609	1783	1726
0	0	0	0	-952	896	16468	-367	37	69	2014	1607	1782	1722
0	0	0	0	1556	528	15480	-366	149	113	2015	1608	1783	1726
0	0	0	0	1048	376	15072	-363	12	87	2014	1608	1779	1725
0	0	0	0	-664	760	16484	-377	88	70	2014	1607	1783	1725
0	0	0	0	1820	396	15424	-357	122	102	2010	1609	1783	1724
0	0	0	0	872	412	15144	-367	-2	84	2014	1607	1783	1737
0	0	0	0	-720	816	16200	-372	75	76	2013	1606	1783	1728
0	0	0	0	1688	488	15476	-370	119	98	2014	1607	1783	1725
0	0	0	0	1696	336	15064	-362	56	94	2013	1607	1784	1726
0	0	0	0	1000	528	16064	-378	136	102	2015	1606	1784	1727
0	0	0	0	1964	268	15208	-367	64	91	2012	1603	1783	1726
0	0	0	0	-44	576	15284	-371	11	73	2013	1609	1784	1728
0	0	0	0	-484	692	16316	-374	80	82	2014	1607	1782	1724
0	0	0	0	1316	588	15936	-367	127	99	2026	1607	1783	1725
0	0	0	0	2016	328	14604	-367	68	99	2014	1607	1780	1727
0	0	0	0	36	704	15204	-373	-21	80	2014	1607	1782	1726
0	0	0	0	-880	808	17084	-373	62	73	2014	1608	1783	1726
0	0	0	0	912	652	16200	-377	162	86	2015	1607	1783	1725
0	0	0	0	2744	316	14144	-371	106	100	2011	1606	1784	1726
0	0	0	0	1064	432	14432	-362	-44	93	2016	1607	1784	1726
0	0	0	0	-1480	660	17076	-378	-13	72	2014	1608	1782	1726
0	0	0	0	-500	820	16816	-380	165	75	2014	1606	1784	1722
0	0	0	0	2104	556	14944	-365	173	99	2015	1608	1783	1727
0	0	0	0	2716	260	13952	-371	21	105	2013	1608	1784	1725
0	0	0	0	128	380	15480	-365	-57	88	2015	1603	1785	1726
0	0	0	0	-1576	780	17128	-377	25	68	2010	1607	1783	1726
0	0	0	0	-360	800	16592	-372	161	72	2015	1607	1783	1726
0	0	0	0	1972	532	15016	-377	166	101	2014	1607	1783	1727
0	0	0	0	2736	172	14272	-369	68	113	2010	1609	1783	1725
0	0	0	0	988	256	14844	-365	-34	94	2014	1608	1783	1726
0	0	0	0	-1180	596	16624	-374	-8	65	2014	1607	1781	1727
0	0	0	0	-1132	912	16916	-374	95	63	2014	1607	1784	1726
0	0	0	0	544	820	15896	-377	173	85	2015	1604	1784	1725
0	0	0	0	2276	556	14688	-365	144	109	2013	1607	1783	1728
0	0	0	0	2744	28	14384	-365	42	116	2014	1609	1784	1726
0	0	0	0	1144	180	14948	-371	-40	97	2016	1608	1783	1726
0	0	0	0	-924	588	16356	-369	-22	76	2015	1607	1780	1726
0	0	0	0	-1332	860	16932	-371	73	62	2014	1608	1785	1725
0	0	0	0	-68	864	16112	-387	169	74	2015	1607	1785	1726
0	0	0	0	1848	600	15056	-375	170	98	2014	1609	1780	1727
0	0	0	0	2632	80	14512	-362	79	119	2015	1608	1785	1725
0	0	0	0	1876	164	14592	-362	-14	114	2014	1604	1785	1728
0	0	0	0	-244	532	15712	-373	-42	84	2014	1610	1784	1726
0	0	0	0	-1440	876	16844	-369	36	58	2015	1607	1785	1723
0	0	0	0	-492	880	16692	-378	147	66	2014	1609	1783	1727
0	0	0	0	1388	688	15396	-361	178	95	2014	1607	1784	1726
0	0	0	0	2668	280	14384	-365	82	112	2014	1608	1784	1727
0	0	0	0	1828	260	14520	-369	-11	111	2014	1608	1784	1725
0	0	0	0	-400	584	15892	-378	-39	80	2014	1608	1783	1727
0	0	0	0	-1464	844	16920	-383	50	75	2014	1609	1786	1726
0	0	0	0	-232	904	16624	-378	160	85	2008	1607	1783	1725
0	0	0	0	1860	648	15196	-368	165	101	2015	1608	1784	1727
0	0	0	0	2716	136	14368	-366	79	125	2022	1608	1785	1726
0	0	0	0	1672	140	14620	-364	-18	109	2013	1606	1785	1728
0	0	0	0	-452	632	15900	-378	-36	76	2015	1604	1784	1726
0	0	0	0	-1476	876	16876	-381	42	58	2015	1607	1783	1728
0	0	0	0	-368	1004	16400	-382	158	77	2014	1616	1784	1727
0	0	0	0	1632	696	15244	-370	169	98	2011	1609	1784	1727
0	0	0	0	2692	292	14464	-363	89	127	2013	1608	1784	1727
0	0	0	0	1904	68	14440	-366	-9	106	2015	1608	1784	1726
0	0	0	0	-8	400	15580	-362	-41	80	2016	1607	1784	1726
0	0	0	0	-1344	904	16732	-370	29	63	2014	1609	1782	1726
0	0	0	0	-904	968	16856	-386	115	66	2015	1607	1783	1726
0	0	0	0	696	920	15808	-368	186	85	2014	1608	1784	1726
0	0	0	0	1896	556	14984	-366	136	101	2016	1608	1783	1726
0	0	0	0	2684	208	14480	-360	84	122	2015	1608	1784	1723
0	0	0	0	2128	156	14612	-359	7	115	2014	1607	1784	1726
0	0	0	0	552	264	15220	-363	-34	90	2015	1608	1784	1727
0	0	0	0	-808	708	16400	-369	-13	71	2016	1608	1784	1726
0	0	0	0	-1312	888	16808	-382	43	64	2015	1608	1784	1726
0	0	0	0	-568	876	16516	-382	128	66	2015	1607	1783	1728
0	0	0	0	624	876	15980	-380	172	84	2014	1609	1785	1726
0	0	0	0	1964	616	14984	-369	141	106	2009	1608	1783	1726
0	0	0	0	2500	240	14436	-353	83	114	2023	1607	1783	1718
0	0	0	0	2160	104	14696	-366	19	119	2015	1609	1782	1726
0	0	0	0	692	172	15336	-364	-42	99	2014	1607	1784	1725
0	0	0	0	-864	660	16308	-375	-10	75	2015	1604	1782	1726
0	0	0	0	-1428	936	16924	-378	67	61	2015	1606	1783	1725
0	0	0	0	-392	1052	16572	-374	150	62	2014	1606	1783	1726
0	0	0	0	1072	836	15660	-363	164	84	2013	1603	1784	1725
0	0	0	0	2272	416	14764	-362	123	113	2015	1613	1783	1728
0	0	0	0	2484	124	14404	-353	33	116	2015	1603	1784	1726
0	0	0	0	1264	224	15036	-368	-25	108	2014	1608	1783	1725
0	0	0	0	-568	620	16180	-366	-19	79	2014	1607	1779	1728
0	0	0	0	-1452	908	16832	-376	53	57	2013	1608	1783	1724
0	0	0	0	-500	908	16464	-382	153	75	2013	1609	1784	1725
0	0	0	0	1248	732	15452	-374	173	84	2014	1608	1783	1726
0	0	0	0	2508	228	14412	-360	108	120	2014	1607	1784	1722
0	0	0	0	2320	128	14480	-358	8	113	2015	1607	1783	1724
0	0	0	0	732	352	15192	-375	-41	90	2011	1606	1784	1725
0	0	0	0	-1088	760	16608	-378	-1	74	2013	1607	1783	1723
0	0	0	0	-1148	936	17028	-387	94	57	2014	1606	1783	1726
0	0	0	0	124	864	16240	-381	172	71	2013	1606	1783	1725
0	0	0	0	1944	568	15024	-371	152	103	2014	1607	1783	1727
0	0	0	0	2652	180	14444	-370	73	114	2011	1608	1785	1724
0	0	0	0	1648	268	14720	-366	-7	113	2014	1607	1783	1727
0	0	0	0	-244	532	15972	-368	-49	82	2015	1607	1783	1726
0	0	0	0	-1456	920	16876	-387	38	62	2014	1614	1784	1726
0	0	0	0	-664	980	16720	-382	135	61	2013	1603	1783	1734
0	0	0	0	1260	780	15504	-374	169	91	2015	1607	1782	1728
0	0	0	0	2628	316	14412	-369	101	120	2016	1608	1782	1727
0	0	0	0	1756	208	14524	-366	-19	98	2011	1602	1783	1726
0	0	0	0	-700	552	16092	-362	-31	83	2013	1607	1783	1728
0	0	0	0	-1288	792	17032	-389	93	59	2015	1607	1784	1727
0	0	0	0	652	832	15980	-377	175	84	2015	1608	1783	1725
0	0	0	0	2524	452	14644	-357	127	111	2015	1606	1780	1726
0	0	0	0	2088	196	14232	-366	-7	113	2014	1607	1782	1727
0	0	0	0	-508	560	16024	-367	-44	76	2013	1607	1782	1724
0	0	0	0	-1384	812	17204	-378	85	66	2011	1607	1783	1726
0	0	0	0	664	784	16024	-377	180	88	2014	1607	1783	1726
0	0	0	0	2716	296	14496	-373	119	111	2015	1616	1785	1727
0	0	0	0	1660	264	14380	-363	-21	104	2013	1608	1784	1726
0	0	0	0	-880	640	16348	-378	-33	75	2014	1608	1784	1723
0	0	0	0	-1024	856	17260	-367	107	63	2013	1607	1784	1726
0	0	0	0	1388	684	15452	-372	183	90	2015	1607	1784	1726
0	0	0	0	2800	308	14088	-358	79	124	2015	1607	1778	1727
0	0	0	0	648	344	15008	-363	-45	92	2009	1608	1785	1727
0	0	0	0	-1364	752	16904	-368	5	77	2015	1607	1784	1727
0	0	0	0	-264	844	16696	-379	159	81	2014	1608	1784	1726
0	0	0	0	2288	508	14928	-359	155	97	2015	1607	1783	1726
0	0	0	0	2256	252	14192	-364	10	102	2014	1608	1785	1727
0	0	0	0	-752	564	16004	-375	-43	83	2015	1607	1783	1726
0	0	0	0	-1172	832	17104	-372	90	72	2015	1607	1783	1727
0	0	0	0	1144	724	15788	-382	169	96	2015	1604	1784	1738
0	0	0	0	2720	276	14044	-370	70	106	2014	1607	1784	1737
0	0	0	0	464	528	15048	-363	-36	92	2014	1608	1785	1726
0	0	0	0	-1248	740	17116	-375	32	74	2016	1607	1784	1726
0	0	0	0	252	760	16460	-380	173	85	2014	1608	1782	1726
0	0	0	0	2592	400	14424	-364	121	101	2009	1608	1785	1726
0	0	0	0	1300	464	14400	-368	-24	95	2016	1609	1784	1725
0	0	0	0	-1104	736	16652	-379	-1	72	2015	1608	1783	1726
0	0	0	0	4	748	16628	-374	154	93	2015	1608	1785	1723
0	0	0	0	2348	388	14792	-365	129	98	2010	1607	1784	1726
0	0	0	0	1136	460	14412	-364	-5	77	2015	1609	1784	1727
0	0	0	0	-1032	572	16540	-369	17	87	2015	1608	1783	1723
0	0	0	0	48	812	16828	-367	149	86	2014	1607	1783	1726
0	0	0	0	2396	272	14680	-376	127	97	2015	1608	1783	1726
0	0	0	0	1148	444	14340	-366	-11	101	2019	1609	1784	1723
0	0	0	0	-1064	696	16668	-369	1	75	2011	1607	1784	1725
0	0	0	0	-36	724	16816	-380	161	85	2014	1608	1785	1726
0	0	0	0	2420	376	14752	-383	138	91	2015	1607	1784	1726
0	0	0	0	1208	452	14420	-369	-18	96	2009	1607	1784	1725
0	0	0	0	-1080	620	16684	-377	15	75	2015	1608	1783	1726
0	0	0	0	352	592	16424	-373	158	97	2014	1607	1784	1726
0	0	0	0	2348	324	14560	-378	112	92	2014	1607	1783	1723
0	0	0	0	380	608	14800	-380	-29	87	2015	1604	1784	1725
0	0	0	0	-568	632	16828	-380	58	80	2014	1609	1785	1728
0	0	0	0	1520	536	15812	-373	122	89	2015	1607	1784	1726
0	0	0	0	1120	580	14652	-373	29	78	2015	1608	1783	1726
0	0	0	0	-380	656	15936	-377	50	78	2014	1610	1781	1726
0	0	0	0	1332	436	16076	-355	103	103	2014	1608	1785	1727
0	0	0	0	1208	488	15196	-359	42	91	2014	1608	1784	1726
0	0	0	0	-424	796	15860	-373	35	86	2013	1607	1779	1727
0	0	0	0	736	596	16292	-372	119	107	2014	1607	1784	1727
0	0	0	0	1840	336	15440	-359	85	98	2015	1607	1783	1726
0	0	0	0	520	592	14580	-374	15	81	2014	1607	1783	1727
0	0	0	0	-728	696	16344	-377	38	70	2015	1605	1784	1723
0	0	0	0	388	684	16616	-364	135	79	2015	1607	1783	1727
0	0	0	0	2212	260	14788	-367	118	90	2013	1607	1783	1726
0	0	0	0	1296	624	14236	-388	-14	84	2021	1607	1782	1725
0	0	0	0	-1076	688	16864	-375	-13	77	2013	1607	1783	1724
0	0	0	0	-472	836	17028	-373	146	71	2015	1606	1783	1726
0	0	0	0	2132	628	14980	-378	171	95	2014	1608	1784	1725
0	0	0	0	2556	392	13868	-364	17	103	2008	1608	1783	1725
0	0	0	0	-204	580	15932	-372	-59	89	2015	1606	1783	1725
0	0	0	0	-1520	660	17312	-377	65	74	2013	1607	1782	1725
0	0	0	0	464	836	15900	-377	189	77	2015	1609	1783	1727
0	0	0	0	2712	376	14468	-357	132	99	2014	1603	1783	1724
0	0	0	0	2244	164	14336	-359	-18	104	2013	1608	1783	1725
0	0	0	0	-684	476	16068	-358	-44	90	2015	1607	1783	1726
0	0	0	0	-1452	804	17276	-378	82	64	2014	1607	1785	1725
0	0	0	0	316	980	16096	-370	196	76	2014	1605	1783	1726
0	0	0	0	2652	496	14612	-368	127	97	2015	1604	1783	1726
0	0	0	0	2380	324	14176	-373	-5	110	2014	1608	1783	1727
0	0	0	0	-228	420	15832	-365	-50	93	2014	1608	1781	1725
0	0	0	0	-1548	588	17216	-362	59	78	2014	1608	1784	1727
0	0	0	0	220	892	16304	-381	189	68	2012	1607	1781	1725
0	0	0	0	2204	432	14804	-371	150	99	2013	1608	1784	1727
0	0	0	0	2636	272	14084	-373	16	107	2014	1607	1784	1724
0	0	0	0	632	284	15360	-371	-67	91	2013	1606	1783	1724
0	0	0	0	-1508	608	16828	-375	3	77	2015	1607	1783	1726
0	0	0	0	-1276	880	17848	-319	162	78	2013	1607	1783	1721
0	0	0	0	648	656	15692	-359	197	86	2014	1607	1783	1727
0	0	0	0	2260	308	14812	-374	130	96	2015	1607	1782	1727
