0	0	0	0	400	252	15624	-450	45	138	1974	1561	1782	1725
0	0	0	0	-28	664	15968	-444	70	122	1967	1562	1783	1725
0	0	0	0	-80	852	15880	-452	79	143	1969	1566	1783	1726
0	0	0	0	12	668	15796	-461	71	139	1969	1561	1784	1727
0	0	0	0	-16	552	16176	-459	77	128	1969	1563	1785	1726
0	0	0	0	4	628	16016	-462	71	122	1968	1562	1784	1727
0	0	0	0	-48	672	15968	-460	65	127	1969	1562	1789	1726
0	0	0	0	-20	652	15992	-459	69	124	1969	1562	1784	1726
0	0	0	0	0	528	16028	-460	79	119	1969	1561	1781	1726
0	0	0	0	-16	664	16232	-456	72	125	1967	1562	1783	1727
0	0	0	0	568	144	15616	-420	81	108	1969	1562	1783	1725
0	0	0	0	120	1092	15732	-412	63	114	1967	1560	1784	1725
0	0	0	0	92	1032	15720	-399	57	115	1969	1560	1782	1722
0	0	0	0	104	996	15940	-405	65	114	1969	1562	1781	1725
0	0	0	0	32	976	15672	-404	68	116	1968	1561	1783	1726
0	0	0	0	220	904	15820	-404	64	114	1969	1562	1784	1726
0	0	0	0	68	900	15952	-403	73	108	1973	1564	1783	1726
0	0	0	0	76	1000	15952	-402	62	112	1968	1563	1783	1724
0	0	0	0	60	992	15712	-421	66	111	1969	1562	1784	1726
0	0	0	0	48	988	15832	-429	65	110	1968	1562	1785	1725
0	0	0	0	72	960	15996	-431	67	116	1967	1562	1784	1726
0	0	0	0	-4	792	15968	-456	66	125	1967	1561	1783	1726
0	0	0	0	-56	712	16052	-455	63	131	1969	1560	1785	1725
0	0	0	0	0	664	16040	-466	81	134	1968	1565	1783	1725
0	0	0	0	-28	624	15976	-465	76	132	1968	1562	1784	1727
0	0	0	0	28	508	16024	-470	70	133	1967	1562	1783	1727
0	0	0	0	100	388	15832	-473	77	137	1967	1561	1785	1727
0	0	0	0	284	236	15780	-476	61	128	1968	1562	1787	1726
0	0	0	0	308	260	15796	-465	78	127	1967	1562	1783	1727
0	0	0	0	524	240	15684	-452	80	112	1968	1563	1785	1729
0	0	0	0	556	160	15676	-434	72	109	1968	1562	1787	1727
0	0	0	0	696	60	15752	-414	70	108	1968	1563	1783	1725
0	0	0	0	772	8	15524	-400	76	97	1969	1563	1784	1727
0	0	0	0	832	0	15320	-355	70	83	1967	1561	1783	1727
0	0	0	0	860	8	15520	-342	69	77	1969	1561	1785	1729
0	0	0	0	920	236	15532	-324	62	62	1969	1562	1785	1728
0	0	0	0	828	252	15492	-298	67	56	1968	1563	1782	1727
0	0	0	0	768	444	15560	-269	69	43	1970	1562	1784	1726
0	0	0	0	780	544	15432	-267	65	40	1973	1562	1784	1727
0	0	0	0	560	660	15376	-257	70	41	1969	1563	1784	1727
0	0	0	0	664	916	15408	-257	58	51	1969	1564	1784	1726
0	0	0	0	540	932	15528	-275	62	47	1972	1563	1785	1726
0	0	0	0	372	968	15428	-304	57	59	1969	1562	1786	1725
0	0	0	0	396	1064	15648	-322	61	69	1970	1562	1783	1726
0	0	0	0	248	1056	15632	-342	55	75	1968	1562	1784	1725
0	0	0	0	240	964	15700	-364	71	89	1968	1567	1784	1727
0	0	0	0	156	928	15776	-399	74	111	1970	1563	1783	1726
0	0	0	0	140	896	15908	-421	71	123	1968	1562	1784	1727
0	0	0	0	52	812	15868	-454	74	131	1968	1561	1784	1727
0	0	0	0	8	692	15960	-466	66	135	1968	1559	1789	1728
0	0	0	0	40	496	16096	-474	62	133	1968	1562	1782	1727
0	0	0	0	184	472	15932	-486	74	131	1967	1563	1783	1727
0	0	0	0	192	344	15952	-467	72	129	1967	1562	1789	1726
0	0	0	0	336	236	15804	-467	60	125	1968	1562	1784	1726
0	0	0	0	492	180	15704	-444	75	120	1967	1561	1783	1726
0	0	0	0	616	184	15804	-435	74	111	1967	1561	1784	1726
0	0	0	0	796	48	15700	-404	62	103	1969	1563	1784	1730
0	0	0	0	800	84	15544	-367	79	93	1968	1562	1791	1725
0	0	0	0	912	32	15384	-354	67	81	1969	1563	1784	1726
0	0	0	0	844	224	15400	-317	77	67	1969	1561	1784	1727
0	0	0	0	788	292	15436	-285	74	57	1973	1561	1785	1725
0	0	0	0	792	524	15476	-273	60	42	1967	1562	1784	1726
0	0	0	0	588	628	15476	-253	59	40	1969	1562	1777	1727
0	0	0	0	388	848	15492	-265	63	40	1973	1562	1784	1728
0	0	0	0	556	760	15464	-263	68	39	1968	1573	1784	1726
0	0	0	0	440	880	15404	-265	62	42	1968	1564	1783	1726
0	0	0	0	372	996	15492	-300	61	51	1969	1562	1786	1736
0	0	0	0	220	940	15620	-342	64	82	1967	1566	1784	1726
0	0	0	0	148	876	15696	-396	62	110	1967	1562	1784	1726
0	0	0	0	128	700	15780	-452	73	113	1967	1562	1783	1725
0	0	0	0	164	512	15740	-477	78	137	1967	1561	1783	1725
0	0	0	0	380	248	15812	-484	75	136	1967	1561	1784	1728
0	0	0	0	572	236	15708	-461	66	125	1969	1560	1783	1726
0	0	0	0	704	104	15564	-399	72	90	1968	1561	1783	1725
0	0	0	0	912	156	15556	-339	65	78	1968	1562	1788	1725
0	0	0	0	872	412	15516	-279	67	51	1967	1560	1782	1727
0	0	0	0	604	588	15568	-249	67	43	1967	1562	1783	1726
0	0	0	0	328	808	15512	-261	68	37	1966	1562	1783	1727
0	0	0	0	292	1028	15428	-291	59	54	1966	1561	1783	1730
0	0	0	0	268	872	15504	-355	69	95	1967	1561	1784	1725
0	0	0	0	156	928	15756	-418	56	111	1967	1561	1784	1725
0	0	0	0	100	436	15756	-468	73	126	1967	1561	1784	1725
0	0	0	0	236	328	15696	-487	62	145	1969	1560	1783	1725
0	0	0	0	444	204	15892	-465	81	129	1967	1562	1783	1726
0	0	0	0	760	96	15496	-399	68	96	1967	1562	1782	1726
0	0	0	0	768	248	15536	-337	64	70	1974	1561	1783	1726
0	0	0	0	784	388	15420	-285	60	57	1967	1562	1784	1726
0	0	0	0	604	680	15560	-244	68	50	1969	1562	1783	1727
0	0	0	0	356	964	15564	-258	75	57	1968	1564	1784	1725
0	0	0	0	188	992	15504	-311	63	51	1967	1567	1784	1725
0	0	0	0	288	932	15596	-361	71	91	1966	1563	1784	1725
0	0	0	0	184	864	15668	-422	67	116	1968	1562	1783	1727
0	0	0	0	180	620	15716	-454	65	130	1967	1566	1785	1725
0	0	0	0	104	412	15816	-485	64	122	1968	1563	1783	1725
0	0	0	0	296	252	15960	-484	60	125	1968	1562	1784	1725
0	0	0	0	432	80	15648	-448	66	122	1967	1561	1785	1726
0	0	0	0	668	0	15600	-412	62	114	1967	1561	1788	1720
0	0	0	0	804	148	15436	-376	70	78	1969	1561	1784	1727
0	0	0	0	880	260	15512	-320	69	60	1970	1561	1783	1725
0	0	0	0	740	536	15524	-275	69	48	1969	1561	1783	1726
0	0	0	0	576	800	15440	-252	66	43	1968	1563	1783	1729
0	0	0	0	352	988	15448	-266	68	53	1969	1563	1783	1725
0	0	0	0	336	984	15476	-335	74	75	1969	1561	1787	1726
0	0	0	0	116	808	15704	-413	72	109	1969	1562	1782	1730
0	0	0	0	120	616	15920	-464	72	128	1974	1562	1782	1723
0	0	0	0	356	368	15864	-486	69	133	1968	1561	1783	1727
0	0	0	0	616	156	15800	-454	69	114	1967	1563	1783	1727
0	0	0	0	828	276	15636	-365	63	82	1972	1564	1785	1726
0	0	0	0	712	572	15568	-290	66	63	1969	1563	1784	1727
0	0	0	0	488	796	15764	-266	70	40	1969	1562	1784	1726
0	0	0	0	276	936	15596	-297	63	60	1969	1562	1783	1727
0	0	0	0	352	884	15512	-295	72	56	1968	1566	1782	1727
0	0	0	0	164	692	15556	-383	78	96	1968	1559	1785	1727
0	0	0	0	228	440	15764	-463	72	132	1968	1564	1784	1727
0	0	0	0	468	336	15752	-491	66	133	1978	1567	1784	1726
0	0	0	0	664	268	15612	-438	66	119	1970	1562	1784	1726
0	0	0	0	868	340	15668	-345	62	86	1978	1563	1784	1721
0	0	0	0	640	536	15636	-268	68	50	1967	1564	1785	1727
0	0	0	0	392	772	15488	-251	65	36	1968	1563	1787	1728
0	0	0	0	228	976	15456	-316	67	71	1968	1556	1785	1728
0	0	0	0	176	604	15696	-414	70	116	1969	1562	1784	1726
0	0	0	0	336	404	15904	-475	64	131	1968	1563	1784	1726
0	0	0	0	476	332	15672	-478	65	129	1969	1562	1784	1727
0	0	0	0	708	204	15772	-409	63	94	1968	1562	1784	1728
0	0	0	0	772	420	15556	-309	53	63	1967	1562	1784	1727
0	0	0	0	548	776	15632	-254	69	40	1969	1562	1783	1730
0	0	0	0	292	976	15564	-289	69	61	1968	1563	1785	1728
0	0	0	0	220	840	15600	-374	59	87	1967	1562	1783	1737
0	0	0	0	288	436	15668	-463	62	135	1968	1562	1785	1726
0	0	0	0	508	288	15672	-480	71	133	1973	1562	1785	1727
0	0	0	0	660	224	15636	-413	62	102	1968	1563	1784	1726
0	0	0	0	684	352	15836	-311	68	64	1968	1562	1784	1727
0	0	0	0	404	728	15512	-258	65	41	1968	1562	1783	1726
0	0	0	0	192	896	15464	-292	67	53	1970	1564	1785	1726
0	0	0	0	216	660	15540	-384	70	95	1970	1563	1783	1726
0	0	0	0	192	480	15664	-467	76	137	1969	1563	1784	1726
0	0	0	0	524	244	15756	-477	72	128	1968	1568	1785	1727
0	0	0	0	788	132	15756	-401	71	107	1969	1562	1784	1727
0	0	0	0	772	368	15416	-306	70	55	1968	1561	1785	1726
0	0	0	0	468	864	15548	-256	65	37	1968	1564	1797	1727
0	0	0	0	140	936	15476	-284	62	59	1967	1562	1788	1727
0	0	0	0	248	768	15584	-375	69	95	1967	1564	1784	1722
0	0	0	0	256	620	15560	-463	66	137	1969	1562	1784	1727
0	0	0	0	476	228	15668	-476	75	141	1970	1562	1788	1728
0	0	0	0	720	216	15696	-420	58	110	1969	1561	1785	1728
0	0	0	0	720	492	15680	-316	50	62	1970	1562	1784	1727
0	0	0	0	392	924	15552	-253	67	50	1970	1560	1781	1725
0	0	0	0	244	944	15500	-284	68	62	1968	1561	1784	1731
0	0	0	0	176	616	15604	-400	74	98	1968	1563	1783	1726
0	0	0	0	360	400	15664	-474	74	138	1968	1563	1783	1726
0	0	0	0	588	204	15540	-470	82	124	1968	1561	1783	1725
0	0	0	0	780	296	15764	-386	63	88	1973	1562	1785	1725
0	0	0	0	656	476	15688	-280	63	51	1966	1561	1783	1725
0	0	0	0	380	812	15516	-261	56	44	1967	1563	1783	1725
0	0	0	0	288	920	15424	-300	62	58	1973	1562	1781	1727
0	0	0	0	156	692	15516	-393	66	104	1965	1572	1783	1726
0	0	0	0	256	324	15796	-468	78	135	1967	1561	1783	1726
0	0	0	0	476	336	15728	-479	66	137	1966	1562	1785	1725
0	0	0	0	704	152	15740	-412	65	95	1968	1567	1783	1726
0	0	0	0	712	452	15636	-302	69	71	1968	1561	1782	1727
0	0	0	0	480	788	15500	-250	66	52	1968	1563	1783	1726
0	0	0	0	324	776	15656	-300	73	61	1968	1561	1783	1725
0	0	0	0	288	672	15708	-397	66	100	1967	1559	1783	1726
0	0	0	0	372	344	15724	-475	79	129	1967	1561	1783	1723
0	0	0	0	696	168	15664	-449	55	125	1967	1562	1782	1726
0	0	0	0	696	400	15664	-344	57	77	1968	1563	1788	1726
0	0	0	0	348	800	15636	-257	68	47	1969	1562	1783	1728
0	0	0	0	228	788	15396	-309	65	68	1967	1562	1784	1725
0	0	0	0	152	532	15560	-416	78	106	1967	1561	1783	1725
0	0	0	0	424	264	15700	-469	63	132	1968	1562	1783	1730
0	0	0	0	792	320	15612	-429	67	109	1967	1561	1785	1726
0	0	0	0	752	432	15712	-313	67	62	1968	1562	1783	1727
0	0	0	0	288	960	15476	-257	59	52	1968	1563	1783	1726
0	0	0	0	188	900	15620	-311	72	80	1967	1561	1782	1727
0	0	0	0	272	824	15616	-330	65	72	1969	1562	1785	1724
0	0	0	0	300	552	15720	-447	72	122	1967	1562	1782	1726
0	0	0	0	524	308	15700	-491	67	140	1972	1561	1785	1725
0	0	0	0	636	200	15656	-431	64	106	1967	1561	1782	1725
0	0	0	0	712	428	15732	-336	64	74	1968	1562	1783	1727
0	0	0	0	448	648	15596	-254	62	49	1967	1561	1784	1725
0	0	0	0	212	940	15472	-274	74	55	1967	1566	1784	1726
0	0	0	0	248	728	15452	-369	62	86	1969	1563	1783	1726
0	0	0	0	276	552	15768	-448	77	123	1966	1562	1783	1725
0	0	0	0	392	312	15692	-491	70	123	1968	1561	1783	1726
0	0	0	0	576	212	15728	-433	65	118	1967	1563	1783	1727
0	0	0	0	744	272	15816	-341	63	74	1967	1561	1783	1724
0	0	0	0	540	620	15544	-264	61	46	1970	1555	1784	1727
0	0	0	0	356	1028	15432	-266	71	48	1968	1562	1787	1726
0	0	0	0	244	892	15472	-322	68	76	1967	1561	1786	1727
0	0	0	0	264	712	15704	-422	77	117	1968	1563	1784	1727
0	0	0	0	396	376	15672	-472	77	150	1969	1561	1784	1726
0	0	0	0	504	220	15764	-476	66	126	1968	1562	1784	1728
0	0	0	0	780	268	15524	-391	62	94	1967	1562	1783	1728
0	0	0	0	648	488	15700	-295	56	62	1970	1561	1785	1726
0	0	0	0	468	780	15588	-246	63	47	1968	1562	1784	1728
0	0	0	0	212	912	15388	-291	69	57	1967	1561	1784	1727
0	0	0	0	136	736	15624	-400	75	94	1968	1563	1783	1726
0	0	0	0	260	428	15720	-469	52	132	1968	1563	1784	1727
0	0	0	0	552	296	15748	-472	69	123	1972	1560	1784	1727
0	0	0	0	712	176	15656	-384	62	90	1969	1562	1786	1727
0	0	0	0	532	724	15784	-285	61	51	1967	1562	1784	1726
0	0	0	0	172	912	15440	-285	69	56	1967	1565	1777	1726
0	0	0	0	280	636	15388	-371	76	97	1967	1567	1784	1728
0	0	0	0	524	268	15672	-472	79	127	1967	1563	1783	1726
0	0	0	0	684	472	15636	-416	63	106	1969	1561	1783	1726
0	0	0	0	512	776	15804	-303	67	55	1969	1566	1784	1726
0	0	0	0	112	816	15696	-298	70	63	1968	1562	1784	1726
0	0	0	0	340	364	15552	-419	78	119	1968	1562	1784	1727
0	0	0	0	660	280	15560	-444	63	120	1967	1562	1783	1728
0	0	0	0	708	764	15648	-336	66	76	1969	1563	1787	1726
0	0	0	0	116	904	15628	-292	74	47	1969	1562	1785	1726
0	0	0	0	392	340	15552	-388	72	104	1967	1562	1783	1726
0	0	0	0	636	256	15632	-437	60	125	1963	1562	1783	1726
0	0	0	0	652	848	15852	-333	62	78	1966	1564	1783	1730
0	0	0	0	172	700	15588	-317	77	60	1967	1563	1784	1739
0	0	0	0	464	172	15716	-414	62	113	1965	1561	1784	1726
0	0	0	0	632	380	15732	-407	61	107	1969	1561	1784	1730
0	0	0	0	388	876	15956	-313	51	54	1969	1563	1785	1728
0	0	0	0	208	460	15324	-360	63	74	1967	1562	1783	1727
0	0	0	0	556	20	15780	-437	68	123	1968	1562	1785	1727
0	0	0	0	648	740	15752	-346	68	84	1974	1564	1785	1727
0	0	0	0	232	892	15704	-315	66	51	1968	1564	1785	1726
0	0	0	0	280	216	15376	-427	68	118	1967	1562	1783	1725
0	0	0	0	760	492	15608	-391	60	104	1968	1562	1784	1726
0	0	0	0	300	1116	15832	-290	69	62	1968	1562	1783	1726
0	0	0	0	228	380	15508	-394	70	94	1967	1564	1783	1727
0	0	0	0	652	280	15532	-433	67	126	1967	1562	1784	1725
0	0	0	0	504	996	15872	-306	72	60	1968	1565	1783	1727
0	0	0	0	284	424	15536	-356	70	88	1967	1562	1796	1726
0	0	0	0	524	88	15492	-446	50	132	1967	1561	1784	1727
0	0	0	0	616	944	15760	-326	61	66	1968	1561	1783	1726
0	0	0	0	288	760	15588	-331	72	69	1968	1562	1787	1727
0	0	0	0	484	8	15628	-451	75	122	1968	1561	1783	1727
0	0	0	0	640	944	15620	-355	69	89	1968	1561	1782	1727
0	0	0	0	288	748	15664	-309	81	67	1969	1562	1786	1726
0	0	0	0	456	28	15768	-437	66	124	1968	1562	1784	1726
0	0	0	0	576	728	15616	-367	69	92	1966	1561	1785	1726
0	0	0	0	200	928	15780	-309	66	59	1967	1569	1783	1726
0	0	0	0	424	-28	15660	-438	71	116	1967	1562	1783	1731
0	0	0	0	672	712	15828	-370	63	95	1968	1560	1783	1727
0	0	0	0	204	848	15668	-313	63	60	1967	1563	1783	1726
0	0	0	0	396	172	15508	-392	75	102	1967	1561	1783	1725
0	0	0	0	628	296	15444	-418	64	119	1972	1562	1785	1726
0	0	0	0	316	1176	15868	-302	64	54	1967	1561	1784	1726
0	0	0	0	392	68	15668	-401	72	101	1967	1561	1782	1727
0	0	0	0	640	508	15504	-413	63	116	1972	1561	1783	1726
0	0	0	0	368	1168	15836	-293	78	54	1966	1561	1783	1726
0	0	0	0	432	28	15692	-407	70	116	1968	1561	1783	1725
0	0	0	0	748	508	15484	-397	63	111	1968	1561	1783	1725
0	0	0	0	144	1088	15728	-291	70	44	1967	1566	1783	1724
0	0	0	0	468	-68	15508	-418	75	116	1967	1562	1783	1727
0	0	0	0	580	700	15620	-378	74	101	1967	1562	1783	1725
0	0	0	0	216	972	15648	-300	71	49	1974	1563	1784	1727
0	0	0	0	432	-8	15664	-437	65	120	1966	1561	1787	1727
0	0	0	0	492	916	15580	-360	68	81	1968	1561	1783	1727
0	0	0	0	360	668	15564	-330	77	56	1968	1562	1783	1723
0	0	0	0	568	-132	15692	-437	59	127	1969	1560	1787	1737
0	0	0	0	480	1200	15848	-323	65	67	1968	1562	1783	1726
0	0	0	0	392	320	15632	-365	78	79	1969	1561	1783	1725
0	0	0	0	560	192	15588	-417	62	117	1968	1560	1782	1726
0	0	0	0	212	1252	15804	-314	63	64	1970	1562	1783	1729
0	0	0	0	404	52	15572	-392	68	106	1968	1566	1783	1725
0	0	0	0	576	568	15516	-393	49	96	1968	1562	1784	1728
0	0	0	0	316	1044	15660	-309	72	56	1967	1562	1780	1726
0	0	0	0	552	-132	15648	-428	69	123	1967	1562	1783	1726
0	0	0	0	444	1008	15716	-337	67	85	1967	1562	1783	1724
0	0	0	0	336	432	15620	-353	72	78	1967	1562	1782	1727
0	0	0	0	596	148	15428	-428	58	107	1973	1563	1785	1727
0	0	0	0	244	1420	15764	-311	59	62	1968	1562	1784	1727
0	0	0	0	492	-60	15716	-406	72	110	1967	1563	1788	1727
0	0	0	0	552	752	15600	-382	74	96	1969	1563	1785	1727
0	0	0	0	388	804	15712	-331	79	61	1968	1568	1793	1727
0	0	0	0	612	-100	15596	-429	61	130	1968	1563	1785	1727
0	0	0	0	324	1392	15652	-321	68	68	1967	1562	1785	1727
0	0	0	0	444	16	15472	-396	75	83	1968	1562	1786	1727
0	0	0	0	632	556	15460	-385	68	102	1968	1562	1784	1726
0	0	0	0	292	1020	15636	-320	67	59	1969	1562	1784	1726
0	0	0	0	444	-140	15620	-426	71	110	1966	1562	1784	1727
0	0	0	0	260	1236	15804	-321	62	79	1967	1561	1787	1726
0	0	0	0	436	156	15544	-386	69	83	1967	1561	1795	1726
0	0	0	0	624	448	15432	-381	60	115	1968	1562	1779	1726
0	0	0	0	316	956	15628	-333	71	64	1967	1562	1783	1725
0	0	0	0	540	-156	15712	-419	67	114	1967	1572	1785	1730
0	0	0	0	316	1344	15944	-320	64	77	1967	1562	1784	1727
0	0	0	0	520	40	15580	-392	78	93	1967	1562	1784	1721
0	0	0	0	576	564	15632	-379	64	101	1976	1563	1784	1726
0	0	0	0	248	916	15736	-334	59	70	1968	1563	1785	1728
0	0	0	0	504	-244	15544	-430	53	112	1969	1561	1784	1727
0	0	0	0	344	1276	15724	-325	66	63	1968	1561	1783	1726
0	0	0	0	476	44	15636	-403	72	106	1973	1561	1785	1727
0	0	0	0	488	816	15636	-353	68	86	1969	1561	1796	1727
0	0	0	0	412	528	15628	-360	69	67	1969	1562	1784	1727
0	0	0	0	476	160	15524	-406	69	114	1968	1562	1783	1728
0	0	0	0	276	1268	15668	-330	73	56	1968	1566	1784	1727
0	0	0	0	452	32	15624	-385	65	102	1966	1562	1784	1727
0	0	0	0	472	776	15512	-359	67	102	1967	1562	1784	1726
0	0	0	0	468	672	15560	-361	67	74	1968	1567	1784	1726
0	0	0	0	468	-12	15580	-403	42	114	1968	1562	1786	1727
0	0	0	0	284	1348	15752	-329	66	62	1968	1563	1784	1727
0	0	0	0	580	-140	15756	-426	55	106	1968	1562	1786	1727
0	0	0	0	288	1272	15684	-331	70	74	1969	1560	1787	1727
0	0	0	0	508	44	15752	-389	62	92	1969	1570	1785	1727
0	0	0	0	512	716	15708	-373	59	111	1967	1559	1784	1726
0	0	0	0	424	712	15608	-357	74	70	1968	1560	1784	1727
0	0	0	0	532	48	15580	-410	58	111	1967	1562	1783	1731
0	0	0	0	364	1252	15752	-333	68	61	1968	1561	1783	1727
0	0	0	0	608	-292	15720	-419	55	110	1967	1561	1784	1725
0	0	0	0	304	1240	15640	-330	63	93	1967	1562	1783	1729
0	0	0	0	492	196	15620	-382	79	97	1967	1562	1785	1725
0	0	0	0	532	620	15356	-369	57	101	1969	1561	1783	1725
0	0	0	0	404	696	15592	-344	74	67	1968	1561	1780	1738
0	0	0	0	528	-16	15552	-399	56	116	1975	1562	1780	1725
0	0	0	0	252	1300	15712	-323	75	57	1967	1561	1784	1725
0	0	0	0	548	-212	15496	-417	55	107	1967	1562	1782	1726
0	0	0	0	312	1324	15776	-326	62	66	1969	1562	1784	1726
0	0	0	0	556	0	15732	-400	75	101	1965	1565	1782	1726
0	0	0	0	452	760	15572	-354	62	81	1968	1564	1785	1726
0	0	0	0	536	428	15564	-367	80	68	1967	1562	1784	1725
0	0	0	0	580	192	15432	-385	55	111	1968	1568	1783	1725
0	0	0	0	220	1132	15644	-339	76	60	1967	1561	1783	1726
0	0	0	0	560	-240	15544	-415	65	114	1966	1562	1784	1727
0	0	0	0	220	1408	15572	-329	71	68	1965	1561	1783	1727
0	0	0	0	504	-88	15796	-421	68	109	1969	1561	1790	1726
0	0	0	0	440	1152	15604	-342	71	83	1968	1562	1784	1726
0	0	0	0	568	176	15692	-386	75	86	1968	1562	1782	1727
0	0	0	0	532	568	15616	-372	68	106	1967	1562	1784	1725
0	0	0	0	416	728	15524	-355	77	71	1967	1562	1783	1725
0	0	0	0	468	108	15512	-398	54	118	1966	1561	1783	1726
0	0	0	0	244	1208	15668	-319	75	64	1967	1560	1783	1726
0	0	0	0	584	-184	15600	-418	62	122	1967	1563	1785	1728
0	0	0	0	196	1468	15788	-327	67	69	1969	1562	1784	1725
0	0	0	0	536	28	15724	-414	70	113	1969	1560	1783	1725
0	0	0	0	296	1108	15656	-324	67	88	1968	1562	1783	1726
0	0	0	0	536	108	15432	-381	70	77	1972	1554	1784	1726
0	0	0	0	500	464	15692	-374	57	99	1967	1563	1784	1728
0	0	0	0	452	800	15616	-346	71	61	1968	1560	1783	1727
0	0	0	0	488	-52	15484	-408	57	119	1968	1561	1783	1726
0	0	0	0	312	1396	15788	-322	76	68	1968	1563	1783	1726
0	0	0	0	464	-128	15680	-421	64	113	1968	1563	1783	1726
0	0	0	0	280	1252	15676	-321	67	79	1967	1561	1784	1726
0	0	0	0	552	184	15492	-396	72	100	1967	1565	1783	1725
0	0	0	0	400	736	15516	-346	49	110	1968	1561	1783	1726
0	0	0	0	528	532	15592	-355	70	73	1969	1561	1784	1726
0	0	0	0	524	148	15548	-401	47	113	1967	1561	1783	1725
0	0	0	0	224	1344	15632	-325	61	68	1967	1562	1788	1727
0	0	0	0	536	-12	15820	-403	69	99	1967	1563	1784	1725
0	0	0	0	432	852	15716	-354	81	92	1967	1562	1783	1727
0	0	0	0	488	532	15732	-360	77	73	1967	1562	1788	1727
0	0	0	0	600	148	15476	-398	57	121	1967	1562	1783	1726
0	0	0	0	264	1264	15796	-331	68	65	1966	1562	1784	1727
0	0	0	0	516	-256	15716	-420	61	104	1969	1562	1783	1727
0	0	0	0	228	1300	15936	-324	62	81	1969	1563	1785	1730
0	0	0	0	540	36	15648	-399	74	96	1969	1562	1783	1727
0	0	0	0	572	628	15528	-371	68	100	1968	1562	1783	1726
0	0	0	0	396	808	15452	-356	75	75	1969	1563	1789	1724
0	0	0	0	572	-112	15580	-420	51	115	1973	1562	1783	1722
0	0	0	0	220	1332	15688	-313	65	61	1969	1562	1785	1726
0	0	0	0	548	-164	15812	-419	73	110	1967	1563	1784	1725
0	0	0	0	420	1112	15712	-337	55	79	1973	1561	1784	1727
0	0	0	0	528	388	15556	-358	73	69	1967	1562	1785	1726
0	0	0	0	616	216	15400	-390	53	113	1969	1561	1784	1727
0	0	0	0	240	1116	15700	-333	78	57	1967	1561	1784	1726
0	0	0	0	604	-200	15700	-420	67	112	1969	1568	1782	1726
0	0	0	0	244	1264	15788	-326	63	82	1969	1562	1785	1727
0	0	0	0	508	32	15764	-393	75	85	1969	1562	1786	1727
0	0	0	0	548	532	15600	-371	67	108	1968	1562	1784	1726
0	0	0	0	364	936	15644	-335	77	56	1968	1562	1789	1728
0	0	0	0	676	-92	15696	-428	62	114	1967	1562	1784	1728
0	0	0	0	304	1368	15776	-319	75	67	1967	1563	1785	1725
0	0	0	0	444	52	15688	-398	74	87	1971	1562	1788	1726
0	0	0	0	508	496	15704	-381	65	98	1968	1562	1784	1727
0	0	0	0	264	980	15800	-322	80	56	1967	1562	1785	1727
0	0	0	0	480	-176	15544	-422	63	112	1968	1562	1784	1726
0	0	0	0	468	1236	15788	-326	59	79	1967	1562	1784	1730
0	0	0	0	328	368	15532	-364	70	72	1968	1562	1784	1726
0	0	0	0	652	192	15472	-429	59	122	1967	1562	1784	1727
0	0	0	0	396	1296	15892	-301	65	60	1967	1562	1784	1727
0	0	0	0	372	4	15604	-396	72	101	1973	1561	1786	1728
0	0	0	0	544	696	15404	-380	60	105	1967	1561	1784	1726
0	0	0	0	320	996	15644	-320	66	57	1968	1563	1785	1721
0	0	0	0	624	-144	15660	-425	60	122	1973	1564	1786	1727
0	0	0	0	300	1300	15824	-325	65	67	1968	1563	1784	1727
0	0	0	0	488	40	15596	-386	71	85	1972	1562	1785	1727
0	0	0	0	608	524	15408	-382	54	109	1967	1562	1784	1725
0	0	0	0	364	912	15616	-343	76	55	1967	1568	1786	1727
0	0	0	0	580	-136	15676	-423	61	111	1966	1563	1786	1727
0	0	0	0	296	1368	15632	-329	72	68	1967	1561	1784	1725
0	0	0	0	580	-144	15668	-411	80	107	1967	1566	1784	1725
0	0	0	0	372	1252	15780	-324	71	84	1967	1561	1783	1726
0	0	0	0	540	268	15700	-396	70	84	1967	1562	1783	1725
0	0	0	0	344	584	15460	-360	55	96	1968	1562	1784	1727
0	0	0	0	504	776	15732	-359	71	84	1968	1563	1788	1726
0	0	0	0	544	12	15496	-393	66	106	1967	1562	1784	1725
0	0	0	0	364	1280	15744	-336	67	69	1967	1562	1785	1723
0	0	0	0	560	-156	15708	-410	52	113	1967	1562	1784	1725
0	0	0	0	532	180	15440	-389	61	104	1968	1560	1783	1729
0	0	0	0	292	1140	15700	-344	65	90	1967	1561	1783	1726
0	0	0	0	644	244	15696	-393	73	87	1969	1562	1782	1730
0	0	0	0	360	628	15476	-346	54	88	1967	1564	1782	1727
0	0	0	0	596	508	15504	-369	71	73	1968	1556	1783	1725
0	0	0	0	424	336	15740	-369	60	109	1967	1561	1783	1726
0	0	0	0	620	804	15556	-357	60	71	1974	1562	1796	1726
0	0	0	0	464	-208	15752	-411	69	112	1966	1561	1784	1726
0	0	0	0	228	1260	15716	-326	68	66	1968	1562	1782	1725
0	0	0	0	560	-328	15644	-411	56	112	1967	1563	1780	1725
0	0	0	0	264	1296	15536	-322	67	78	1968	1566	1783	1725
0	0	0	0	528	-272	15732	-413	59	108	1969	1560	1784	1727
0	0	0	0	284	1340	15696	-336	73	76	1967	1562	1784	1725
0	0	0	0	520	-244	15800	-406	50	91	1968	1566	1783	1727
0	0	0	0	300	1292	15608	-331	78	72	1968	1562	1784	1726
0	0	0	0	572	-144	15816	-404	50	98	1967	1562	1785	1727
0	0	0	0	264	1224	15564	-331	78	68	1967	1561	1783	1725
0	0	0	0	416	-40	15808	-403	60	104	1970	1561	1789	1727
0	0	0	0	460	1148	15576	-347	79	71	1966	1561	1784	1725
0	0	0	0	344	48	15416	-399	46	109	1968	1561	1784	1725
0	0	0	0	640	1004	15404	-360	72	87	1967	1562	1783	1726
0	0	0	0	268	200	15580	-373	60	108	1967	1561	1784	1730
0	0	0	0	748	532	15768	-376	81	86	1967	1561	1784	1726
0	0	0	0	140	616	15416	-348	60	88	1969	1561	1783	1727
0	0	0	0	816	312	15688	-400	72	89	1968	1563	1783	1730
0	0	0	0	152	988	15332	-334	55	84	1968	1563	1783	1726
0	0	0	0	596	-32	15844	-404	71	99	1967	1562	1783	1727
0	0	0	0	120	1188	15436	-344	77	86	1967	1562	1784	1726
0	0	0	0	520	16	15824	-397	62	85	1974	1562	1784	1726
0	0	0	0	492	1040	15464	-359	72	91	1968	1561	1784	1726
0	0	0	0	316	200	15600	-363	62	94	1968	1563	1785	1727
0	0	0	0	728	616	15460	-369	82	74	1968	1563	1786	1727
0	0	0	0	180	580	15500	-346	58	86	1967	1563	1786	1726
0	0	0	0	832	128	15732	-397	77	89	1971	1562	1784	1725
0	0	0	0	120	1180	15524	-337	67	86	1968	1562	1784	1726
0	0	0	0	660	40	15860	-402	50	90	1967	1569	1783	1727
0	0	0	0	328	1012	15384	-348	83	75	1968	1564	1784	1727
0	0	0	0	556	128	15652	-379	59	96	1967	1561	1784	1726
0	0	0	0	688	684	15632	-377	88	71	1968	1562	1783	1727
0	0	0	0	204	524	15488	-360	61	97	1967	1563	1787	1727
0	0	0	0	824	360	15720	-395	74	95	1968	1563	1783	1726
0	0	0	0	36	1136	15540	-347	55	86	1968	1562	1784	1727
0	0	0	0	704	-68	15860	-403	63	102	1969	1563	1783	1725
0	0	0	0	200	1208	15532	-339	72	90	1968	1562	1784	1726
0	0	0	0	532	56	15792	-404	54	103	1968	1562	1785	1726
0	0	0	0	500	944	15772	-356	66	78	1967	1562	1783	1728
0	0	0	0	264	252	15652	-359	46	97	1969	1561	1785	1732
0	0	0	0	740	388	15664	-391	69	94	1968	1562	1784	1728
0	0	0	0	60	892	15588	-343	55	86	1962	1562	1784	1725
0	0	0	0	756	44	15916	-400	69	85	1968	1563	1784	1723
0	0	0	0	284	1120	15408	-344	68	73	1973	1562	1784	1726
0	0	0	0	456	8	15848	-389	59	91	1967	1564	1785	1727
0	0	0	0	616	748	15628	-377	67	87	1969	1563	1783	1727
0	0	0	0	168	556	15688	-356	53	91	1973	1564	1784	1726
0	0	0	0	816	212	15856	-403	70	89	1967	1562	1783	1727
0	0	0	0	4	1196	15464	-342	67	73	1969	1562	1783	1727
0	0	0	0	656	-24	15780	-393	59	98	1968	1561	1784	1726
0	0	0	0	532	880	15460	-358	65	78	1970	1568	1783	1727
0	0	0	0	308	308	15568	-364	49	86	1969	1562	1784	1730
0	0	0	0	752	444	15468	-394	79	91	1968	1562	1784	1728
0	0	0	0	176	908	15544	-340	52	92	1959	1563	1784	1728
0	0	0	0	728	152	15960	-402	66	94	1975	1561	1788	1727
0	0	0	0	112	1128	15500	-344	67	82	1967	1561	1785	1726
0	0	0	0	456	112	15816	-384	48	102	1967	1561	1783	1727
0	0	0	0	640	716	15476	-385	73	74	1968	1562	1788	1726
0	0	0	0	216	668	15452	-347	58	94	1968	1564	1784	1725
0	0	0	0	856	196	15676	-395	74	86	1966	1563	1785	1725
0	0	0	0	60	1168	15476	-345	63	75	1968	1561	1785	1726
0	0	0	0	500	52	15736	-387	65	97	1967	1561	1783	1729
0	0	0	0	684	796	15512	-372	85	83	1969	1563	1784	1726
0	0	0	0	240	708	15404	-356	59	87	1969	1561	1785	1731
0	0	0	0	788	244	15636	-399	62	93	1968	1561	1783	1727
0	0	0	0	64	1100	15516	-353	73	93	1973	1561	1784	1726
0	0	0	0	588	84	15820	-379	55	101	1970	1561	1783	1725
0	0	0	0	668	448	15728	-387	85	74	1970	1561	1783	1725
0	0	0	0	136	936	15328	-337	53	93	1973	1561	1778	1726
0	0	0	0	744	-12	16036	-399	59	99	1961	1562	1784	1727
0	0	0	0	248	1008	15512	-357	68	83	1968	1562	1784	1724
0	0	0	0	372	416	15608	-361	58	87	1968	1562	1786	1731
0	0	0	0	600	504	15544	-375	81	88	1967	1566	1783	1725
0	0	0	0	152	792	15464	-344	54	90	1966	1562	1783	1727
0	0	0	0	772	-4	15932	-388	71	90	1968	1561	1783	1727
0	0	0	0	400	988	15404	-367	78	82	1967	1561	1783	1726
0	0	0	0	352	472	15464	-354	52	89	1967	1560	1783	1727
0	0	0	0	760	208	15940	-395	75	88	1967	1563	1784	1727
0	0	0	0	272	1016	15420	-359	68	81	1966	1562	1783	1726
0	0	0	0	424	336	15636	-353	44	87	1969	1562	1787	1726
0	0	0	0	712	164	15796	-395	77	97	1967	1561	1784	1727
0	0	0	0	256	976	15344	-365	65	81	1966	1561	1782	1725
0	0	0	0	520	184	15872	-359	55	85	1967	1562	1783	1725
0	0	0	0	648	252	15796	-389	82	93	1966	1561	1783	1729
0	0	0	0	288	1072	15336	-358	75	86	1967	1562	1784	1726
0	0	0	0	580	172	15708	-359	57	96	1967	1561	1786	1726
0	0	0	0	604	344	15724	-388	76	102	1968	1562	1783	1726
0	0	0	0	200	1184	15356	-345	69	81	1968	1561	1784	1725
0	0	0	0	540	208	15696	-366	56	83	1968	1561	1784	1728
0	0	0	0	728	340	15708	-399	80	89	1965	1561	1780	1726
0	0	0	0	264	1148	15424	-351	74	78	1972	1561	1783	1725
0	0	0	0	536	344	15744	-362	51	95	1969	1562	1781	1725
0	0	0	0	672	312	15832	-393	71	89	1968	1562	1783	1726
0	0	0	0	344	1176	15484	-359	71	84	1967	1562	1784	1725
0	0	0	0	384	280	15748	-353	54	93	1969	1566	1783	1726
0	0	0	0	708	244	15752	-403	75	88	1968	1563	1785	1727
0	0	0	0	364	980	15348	-373	78	86	1967	1561	1784	1723
0	0	0	0	328	512	15672	-348	42	88	1967	1566	1785	1725
0	0	0	0	664	108	15884	-399	74	88	1967	1563	1784	1727
0	0	0	0	488	824	15392	-371	72	81	1967	1561	1783	1737
0	0	0	0	292	640	15552	-347	55	85	1967	1561	1784	1725
0	0	0	0	640	96	16196	-401	58	103	1968	1561	1786	1727
0	0	0	0	520	712	15468	-385	86	75	1970	1562	1783	1727
0	0	0	0	288	840	15480	-349	63	96	1967	1561	1779	1727
0	0	0	0	556	-28	16084	-379	66	96	1969	1559	1784	1726
0	0	0	0	740	580	15656	-395	70	95	1968	1566	1784	1732
0	0	0	0	240	1056	15372	-340	72	86	1968	1563	1785	1727
0	0	0	0	380	28	15968	-370	53	88	1968	1562	1785	1727
0	0	0	0	660	320	15620	-396	76	97	1968	1563	1795	1730
0	0	0	0	272	1116	15204	-354	68	76	1968	1561	1784	1726
0	0	0	0	172	520	15652	-347	44	91	1967	1564	1784	1727
0	0	0	0	596	132	16048	-394	71	90	1968	1562	1785	1739
0	0	0	0	568	884	15432	-381	86	83	1977	1562	1784	1727
0	0	0	0	240	760	15596	-326	54	95	1967	1564	1785	1728
0	0	0	0	532	32	15976	-377	70	87	1968	1562	1784	1727
0	0	0	0	660	544	15468	-401	86	101	1968	1562	1785	1727
0	0	0	0	168	1124	15352	-343	57	89	1969	1567	1786	1726
0	0	0	0	304	196	15876	-363	53	94	1969	1564	1785	1726
0	0	0	0	616	244	15972	-412	77	86	1967	1564	1784	1726
0	0	0	0	496	1060	15456	-367	71	84	1967	1567	1784	1726
0	0	0	0	200	708	15496	-339	53	77	1968	1562	1785	1726
0	0	0	0	512	-24	15984	-383	61	83	1968	1555	1784	1728
0	0	0	0	680	600	15600	-404	87	85	1968	1562	1784	1726
0	0	0	0	236	1088	15528	-353	64	91	1970	1562	1787	1726
0	0	0	0	240	268	15796	-356	52	93	1968	1562	1783	1728
0	0	0	0	712	140	16004	-401	73	97	1969	1563	1783	1727
0	0	0	0	656	968	15268	-378	74	85	1968	1562	1784	1726
0	0	0	0	212	740	15540	-339	63	83	1970	1563	1785	1727
0	0	0	0	364	112	15936	-373	60	93	1969	1563	1784	1727
0	0	0	0	756	420	15736	-405	75	87	1968	1562	1785	1727
0	0	0	0	360	1040	15340	-364	67	94	1968	1563	1784	1723
0	0	0	0	236	544	15820	-340	60	92	1969	1563	1785	1726
0	0	0	0	560	136	16276	-394	64	88	1967	1563	1785	1727
0	0	0	0	736	596	15488	-400	80	83	1969	1562	1784	1725
0	0	0	0	236	968	15336	-345	65	89	1977	1564	1784	1721
0	0	0	0	316	192	15860	-356	51	85	1969	1562	1785	1728
0	0	0	0	680	92	15928	-406	73	90	1967	1561	1784	1728
0	0	0	0	772	820	15460	-383	66	88	1967	1563	1784	1727
0	0	0	0	192	912	15508	-342	59	89	1968	1562	1784	1726
0	0	0	0	300	192	16012	-362	52	89	1969	1562	1784	1727
0	0	0	0	644	304	15808	-392	73	91	1967	1562	1784	1727
0	0	0	0	580	932	15480	-373	74	93	1968	1566	1784	1726
0	0	0	0	136	804	15676	-336	54	92	1969	1563	1784	1727
0	0	0	0	364	132	15840	-371	47	93	1966	1563	1783	1727
0	0	0	0	720	356	15772	-404	86	90	1967	1561	1784	1725
0	0	0	0	308	912	15348	-340	65	85	1972	1562	1787	1726
0	0	0	0	208	316	15836	-345	65	83	1967	1563	1783	1726
0	0	0	0	776	280	15828	-396	76	85	1967	1561	1784	1727
0	0	0	0	604	592	15440	-379	70	86	1967	1562	1787	1727
0	0	0	0	244	1004	15412	-341	72	90	1967	1562	1783	1726
0	0	0	0	240	400	15916	-355	54	81	1969	1563	1783	1726
0	0	0	0	640	144	15936	-396	66	95	1968	1561	1782	1725
0	0	0	0	740	672	15400	-387	76	84	1967	1561	1784	1731
0	0	0	0	208	1020	15332	-337	49	91	1967	1561	1780	1726
0	0	0	0	180	396	15832	-348	60	95	1968	1563	1783	1725
0	0	0	0	576	120	15976	-400	57	89	1968	1561	1783	1726
0	0	0	0	788	660	15408	-394	80	87	1972	1561	1783	1725
0	0	0	0	360	1032	15280	-341	68	87	1967	1562	1784	1723
0	0	0	0	128	552	15724	-354	52	91	1968	1572	1783	1726
0	0	0	0	532	60	15912	-395	62	80	1971	1562	1785	1726
0	0	0	0	828	532	15356	-398	75	91	1966	1562	1783	1726
0	0	0	0	396	1108	15228	-357	67	87	1966	1564	1781	1727
0	0	0	0	152	624	15648	-338	63	91	1967	1560	1783	1726
0	0	0	0	320	136	16064	-383	68	91	1969	1563	1786	1726
0	0	0	0	768	356	15600	-385	79	93	1966	1561	1783	1727
0	0	0	0	408	968	15296	-356	77	89	1967	1559	1782	1725
0	0	0	0	104	680	15456	-337	45	75	1968	1562	1784	1727
0	0	0	0	400	116	16088	-381	51	82	1967	1563	1787	1726
0	0	0	0	692	388	15632	-390	80	75	1967	1562	1786	1727
0	0	0	0	680	872	15336	-373	75	77	1967	1561	1785	1725
0	0	0	0	240	896	15460	-343	62	90	1969	1562	1786	1727
0	0	0	0	296	344	15868	-368	52	86	1967	1561	1784	1727
0	0	0	0	700	336	15912	-394	83	99	1967	1564	1784	1726
0	0	0	0	608	540	15416	-388	81	104	1968	1560	1784	1726
0	0	0	0	132	1036	15404	-346	72	80	1967	1562	1783	1729
0	0	0	0	144	448	15880	-353	44	91	1969	1562	1783	1726
0	0	0	0	492	200	15860	-391	60	101	1966	1561	1783	1726
0	0	0	0	744	548	15556	-400	83	84	1967	1561	1782	1725
0	0	0	0	368	880	15240	-358	77	79	1967	1564	1784	1726
0	0	0	0	64	588	15544	-346	50	93	1967	1562	1784	1726
0	0	0	0	252	236	15992	-369	53	75	1967	1562	1785	1726
0	0	0	0	740	436	15924	-395	90	76	1979	1562	1784	1726
0	0	0	0	868	764	15332	-379	81	80	1967	1561	1783	1726
0	0	0	0	304	876	15196	-350	64	100	1968	1562	1784	1726
0	0	0	0	184	492	15780	-360	55	89	1968	1561	1784	1727
0	0	0	0	380	236	16072	-385	58	102	1968	1567	1784	1725
0	0	0	0	856	428	15724	-402	89	94	1969	1558	1784	1725
0	0	0	0	660	704	15048	-358	70	71	1968	1562	1783	1727
0	0	0	0	96	540	15288	-355	60	84	1967	1562	1783	1725
0	0	0	0	-32	344	15892	-372	42	93	1969	1563	1784	1728
0	0	0	0	432	232	16164	-393	88	93	1967	1563	1785	1727
0	0	0	0	892	552	15324	-393	82	82	1968	1562	1783	1726
0	0	0	0	576	968	15236	-346	74	78	1968	1562	1788	1727
0	0	0	0	352	-232	15396	-378	33	95	1963	1563	1785	1727
0	0	0	0	360	628	16348	-401	66	116	1967	1562	1785	1728
0	0	0	0	628	376	15928	-402	80	119	1969	1561	1784	1726
