0	0	0	0	1336	428	15756	-348	66	104	2186	1749	1719	1656
0	0	0	0	1884	552	15184	-411	42	83	2187	1743	1719	1657
0	0	0	0	1320	564	15936	-374	72	86	2186	1749	1721	1654
0	0	0	0	1444	444	15796	-350	71	89	2185	1749	1713	1655
0	0	0	0	1300	468	15548	-352	49	110	2186	1749	1720	1656
0	0	0	0	1488	464	15820	-351	66	107	2186	1747	1719	1650
0	0	0	0	1472	472	15824	-363	68	77	2180	1750	1719	1655
0	0	0	0	1236	544	15944	-350	65	85	2187	1749	1720	1655
0	0	0	0	1316	460	15704	-358	73	93	2187	1749	1720	1655
0	0	0	0	1380	472	15744	-360	61	89	2186	1749	1721	1655
0	0	0	0	1360	428	16032	-363	67	104	2185	1748	1717	1656
0	0	0	0	1364	516	15640	-364	60	87	2185	1749	1719	1656
0	0	0	0	1448	524	15776	-367	62	88	2187	1750	1719	1655
0	0	0	0	1296	548	15828	-360	69	90	2185	1744	1718	1655
0	0	0	0	1424	500	15712	-353	65	85	2185	1748	1719	1655
0	0	0	0	1508	564	15720	-364	74	93	2183	1749	1717	1656
0	0	0	0	1372	540	15728	-353	59	85	2185	1748	1718	1656
0	0	0	0	1432	480	15736	-362	71	98	2186	1749	1716	1656
0	0	0	0	1436	572	15816	-358	69	94	2185	1748	1718	1655
0	0	0	0	1404	536	15676	-370	71	83	2183	1748	1717	1654
0	0	0	0	1416	568	15840	-362	56	86	2186	1748	1716	1663
0	0	0	0	1320	428	15804	-355	62	86	2185	1749	1717	1656
0	0	0	0	1324	420	15724	-365	57	98	2184	1748	1717	1655
0	0	0	0	1388	580	15740	-358	62	97	2185	1749	1717	1656
0	0	0	0	1336	432	15868	-362	68	96	2186	1750	1718	1654
0	0	0	0	1492	448	15624	-358	68	75	2188	1747	1719	1654
0	0	0	0	1360	476	15640	-359	54	83	2187	1749	1719	1656
0	0	0	0	1396	540	15812	-365	55	94	2184	1750	1718	1657
0	0	0	0	1344	564	15688	-359	64	85	2185	1749	1717	1655
0	0	0	0	1400	564	15708	-353	68	92	2187	1750	1717	1656
0	0	0	0	1272	476	15784	-353	76	96	2185	1749	1730	1653
0	0	0	0	1532	492	15736	-353	63	91	2183	1749	1718	1655
0	0	0	0	1292	496	15736	-362	67	80	2186	1749	1718	1655
0	0	0	0	1444	500	15668	-357	54	96	2186	1750	1719	1656
0	0	0	0	1324	408	15724	-364	64	100	2188	1750	1719	1656
0	0	0	0	1408	496	15824	-350	63	88	2180	1746	1718	1656
0	0	0	0	1488	540	15648	-350	72	92	2187	1749	1713	1656
0	0	0	0	1392	480	15616	-359	54	92	2186	1748	1717	1655
0	0	0	0	1452	616	15776	-359	68	92	2186	1750	1718	1656
0	0	0	0	1312	484	15860	-357	70	78	2185	1752	1719	1656
0	0	0	0	1364	476	15816	-349	69	95	2186	1748	1716	1653
0	0	0	0	1400	508	15800	-361	64	86	2186	1750	1718	1657
0	0	0	0	1496	432	15800	-362	52	97	2186	1749	1716	1655
0	0	0	0	1440	464	15784	-363	67	98	2184	1749	1717	1655
0	0	0	0	1328	520	15644	-363	62	80	2186	1750	1719	1655
0	0	0	0	1472	504	15740	-364	72	95	2185	1750	1719	1656
0	0	0	0	1516	448	15780	-346	66	99	2185	1750	1717	1653
0	0	0	0	1436	456	15756	-361	67	91	2186	1750	1718	1667
0	0	0	0	1440	436	15736	-365	51	91	2185	1751	1718	1655
0	0	0	0	1360	584	15688	-352	63	83	2186	1749	1717	1655
0	0	0	0	1472	552	15688	-359	73	82	2186	1749	1719	1657
0	0	0	0	1452	516	15788	-357	61	75	2185	1749	1718	1655
0	0	0	0	1404	580	15656	-364	60	86	2186	1748	1716	1653
0	0	0	0	1320	544	15704	-360	74	91	2185	1750	1718	1667
0	0	0	0	1404	468	15748	-361	69	91	2185	1749	1718	1656
0	0	0	0	1372	496	16012	-357	65	95	2187	1751	1718	1652
0	0	0	0	1360	432	15756	-362	73	85	2186	1750	1718	1655
0	0	0	0	1352	444	15868	-354	51	79	2187	1746	1717	1657
0	0	0	0	1420	548	15908	-359	83	91	2185	1749	1718	1656
0	0	0	0	1416	540	15716	-360	73	102	2186	1748	1719	1654
0	0	0	0	1456	472	15804	-374	57	82	2186	1750	1716	1656
0	0	0	0	1424	552	15820	-362	73	88	2186	1748	1717	1655
0	0	0	0	1308	472	15680	-352	74	92	2186	1749	1713	1656
0	0	0	0	1356	400	15712	-352	73	95	2185	1750	1717	1657
0	0	0	0	1316	508	15696	-354	75	82	2181	1748	1715	1653
0	0	0	0	1420	552	15636	-363	70	94	2186	1749	1717	1656
0	0	0	0	1408	532	15824	-363	69	90	2185	1749	1718	1654
0	0	0	0	1372	436	15748	-360	77	88	2186	1749	1717	1655
0	0	0	0	1292	520	15888	-358	52	89	2186	1749	1719	1653
0	0	0	0	1348	384	15676	-357	70	98	2184	1749	1718	1655
0	0	0	0	1444	432	15732	-364	68	94	2184	1748	1716	1655
0	0	0	0	1372	496	15804	-359	62	86	2186	1750	1717	1653
0	0	0	0	1368	496	15700	-358	62	93	2185	1746	1717	1656
0	0	0	0	1380	520	15676	-352	75	86	2185	1747	1716	1655
0	0	0	0	1452	492	15868	-357	70	81	2186	1748	1718	1656
0	0	0	0	1416	548	15852	-367	79	92	2183	1749	1717	1655
0	0	0	0	1460	428	15836	-346	65	80	2184	1748	1715	1653
0	0	0	0	1344	428	15704	-353	66	96	2185	1749	1716	1656
0	0	0	0	1372	464	15820	-375	71	93	2186	1749	1717	1655
0	0	0	0	1280	496	15692	-360	71	100	2181	1745	1718	1656
0	0	0	0	1284	592	15780	-364	79	84	2186	1749	1717	1655
0	0	0	0	1480	472	15612	-362	75	91	2185	1748	1718	1655
0	0	0	0	1380	496	15740	-369	72	84	2185	1744	1717	1654
0	0	0	0	1288	596	15772	-361	60	91	2186	1749	1717	1667
0	0	0	0	1368	508	15832	-356	59	87	2186	1750	1714	1656
0	0	0	0	1424	544	15716	-357	68	100	2186	1748	1717	1657
0	0	0	0	1432	400	15952	-360	71	97	2184	1748	1716	1655
0	0	0	0	1388	436	15820	-367	72	91	2185	1750	1716	1655
0	0	0	0	1376	536	15704	-360	77	82	2185	1748	1716	1654
0	0	0	0	1376	448	15700	-358	57	89	2186	1749	1716	1657
0	0	0	0	1432	504	15732	-356	61	101	2185	1748	1717	1662
0	0	0	0	1332	604	15772	-357	74	104	2185	1749	1718	1655
0	0	0	0	1448	520	15752	-359	52	88	2182	1749	1718	1654
0	0	0	0	1328	460	15760	-352	64	94	2185	1749	1719	1653
0	0	0	0	1348	524	15684	-361	57	89	2185	1748	1717	1655
0	0	0	0	1496	436	15772	-360	55	84	2183	1749	1717	1655
0	0	0	0	1384	472	15824	-357	72	84	2186	1750	1717	1655
0	0	0	0	1340	500	15560	-366	65	88	2185	1747	1716	1651
0	0	0	0	1352	468	15780	-365	67	94	2186	1748	1718	1655
0	0	0	0	1360	516	15764	-361	69	87	2184	1750	1716	1656
0	0	0	0	1420	440	15744	-363	62	85	2185	1748	1716	1655
0	0	0	0	1360	500	15720	-363	64	94	2185	1749	1717	1656
0	0	0	0	1476	476	15736	-368	68	92	2185	1748	1718	1654
0	0	0	0	1424	416	15716	-361	65	100	2185	1749	1718	1655
0	0	0	0	1416	588	15768	-369	63	97	2187	1745	1718	1654
0	0	0	0	1448	544	15828	-358	67	91	2185	1752	1719	1656
0	0	0	0	1352	428	15880	-363	65	93	2185	1749	1715	1655
0	0	0	0	1420	432	15804	-367	67	92	2186	1749	1718	1658
0	0	0	0	1368	404	15704	-359	58	85	2185	1750	1717	1656
0	0	0	0	1436	472	15740	-373	64	86	2186	1748	1716	1656
0	0	0	0	1404	668	15812	-351	58	93	2187	1749	1718	1657
0	0	0	0	1400	568	15964	-360	70	93	2184	1750	1716	1657
0	0	0	0	1332	412	15752	-357	63	89	2186	1749	1717	1656
0	0	0	0	1436	488	15740	-358	62	91	2186	1750	1718	1656
0	0	0	0	1392	492	15740	-361	63	99	2187	1749	1719	1655
0	0	0	0	1444	464	15656	-354	65	93	2185	1748	1717	1652
0	0	0	0	1444	452	15892	-362	73	91	2187	1750	1718	1655
0	0	0	0	1488	496	15688	-370	72	75	2187	1757	1717	1658
0	0	0	0	1368	508	15768	-354	60	95	2185	1748	1717	1655
0	0	0	0	1380	656	15860	-352	64	91	2185	1750	1718	1656
0	0	0	0	1412	540	15760	-366	61	95	2186	1750	1721	1656
0	0	0	0	1428	576	15792	-361	73	83	2185	1748	1718	1655
0	0	0	0	1332	544	15616	-357	62	84	2186	1749	1718	1656
0	0	0	0	1420	500	15656	-364	50	84	2185	1749	1717	1656
0	0	0	0	1416	516	15808	-363	65	85	2186	1749	1716	1655
0	0	0	0	1452	500	15772	-364	65	82	2187	1750	1717	1656
0	0	0	0	1360	496	15680	-372	82	92	2186	1747	1718	1657
0	0	0	0	1432	440	15640	-354	64	82	2185	1749	1717	1655
0	0	0	0	1356	544	15756	-366	63	82	2187	1749	1720	1655
0	0	0	0	1516	564	15724	-361	64	81	2186	1751	1718	1656
0	0	0	0	1400	540	15708	-357	53	99	2185	1749	1714	1656
0	0	0	0	1392	504	15560	-358	60	83	2186	1751	1718	1656
0	0	0	0	1368	496	15908	-359	71	96	2187	1751	1717	1656
0	0	0	0	1432	512	15844	-353	72	91	2186	1748	1718	1655
0	0	0	0	1420	548	15704	-367	60	89	2186	1749	1721	1655
0	0	0	0	1416	596	15684	-351	50	82	2185	1750	1717	1657
0	0	0	0	1444	512	15872	-363	64	91	2185	1750	1717	1658
0	0	0	0	1304	492	15824	-368	69	77	2188	1749	1718	1655
0	0	0	0	1392	508	15744	-361	59	83	2186	1749	1719	1655
0	0	0	0	1352	532	15800	-359	68	86	2185	1750	1717	1654
0	0	0	0	1396	488	15704	-362	69	83	2187	1750	1719	1655
0	0	0	0	1380	548	15736	-346	63	89	2184	1749	1720	1656
0	0	0	0	1332	536	15792	-356	73	97	2184	1750	1717	1656
0	0	0	0	1376	464	15724	-362	71	91	2186	1750	1718	1658
0	0	0	0	1432	588	15868	-362	65	82	2186	1750	1724	1656
0	0	0	0	1384	624	15576	-359	66	80	2185	1747	1716	1655
0	0	0	0	1432	416	15844	-358	79	87	2187	1748	1717	1656
0	0	0	0	1392	364	15780	-362	66	92	2185	1749	1716	1655
0	0	0	0	1400	392	15584	-357	64	91	2185	1744	1717	1653
0	0	0	0	1468	456	15736	-358	65	87	2186	1749	1716	1655
0	0	0	0	1416	532	15748	-352	69	84	2186	1748	1717	1655
0	0	0	0	1408	552	15728	-373	62	83	2185	1748	1716	1654
0	0	0	0	1376	616	15728	-362	64	85	2186	1749	1727	1654
0	0	0	0	1340	472	15788	-358	78	89	2185	1750	1717	1654
0	0	0	0	1448	556	15720	-360	59	85	2185	1747	1716	1655
0	0	0	0	1404	528	15852	-358	73	84	2190	1749	1715	1655
0	0	0	0	1356	568	15800	-345	70	90	2185	1749	1716	1655
0	0	0	0	1612	456	15728	-359	63	93	2185	1749	1715	1652
0	0	0	0	1452	524	15764	-361	64	96	2185	1748	1718	1656
0	0	0	0	1416	520	15736	-368	56	97	2186	1749	1716	1654
0	0	0	0	1368	512	15732	-373	72	93	2184	1747	1716	1654
0	0	0	0	1328	500	15820	-356	59	84	2185	1750	1716	1655
0	0	0	0	1420	456	15772	-372	63	89	2185	1749	1718	1653
0	0	0	0	1352	448	15672	-354	73	86	2186	1749	1717	1655
0	0	0	0	1408	520	15736	-363	65	92	2186	1748	1717	1655
0	0	0	0	1424	448	15908	-359	72	89	2184	1749	1717	1654
0	0	0	0	1304	568	15796	-360	77	86	2184	1745	1717	1655
0	0	0	0	1500	448	15720	-355	61	81	2185	1749	1717	1657
0	0	0	0	1392	508	15672	-352	47	90	2187	1749	1717	1655
0	0	0	0	1404	424	15788	-361	66	84	2185	1747	1716	1655
0	0	0	0	1344	540	15808	-357	73	94	2185	1745	1717	1655
0	0	0	0	1440	616	15712	-369	65	93	2184	1748	1717	1656
0	0	0	0	1384	612	15824	-362	74	86	2185	1748	1716	1653
0	0	0	0	1380	528	15820	-352	57	99	2185	1744	1717	1655
0	0	0	0	1408	512	15752	-362	64	85	2186	1749	1717	1655
0	0	0	0	1316	588	15820	-357	71	96	2185	1747	1717	1655
0	0	0	0	1448	544	15860	-362	63	87	2186	1749	1717	1655
0	0	0	0	1308	580	15724	-357	66	98	2185	1748	1716	1655
0	0	0	0	1380	452	15708	-355	66	75	2186	1748	1716	1657
0	0	0	0	1336	548	15788	-362	57	95	2185	1750	1717	1657
0	0	0	0	1468	524	15860	-361	58	89	2187	1750	1717	1655
0	0	0	0	1332	604	15752	-354	66	89	2185	1747	1716	1653
0	0	0	0	1296	560	15680	-358	73	85	2186	1748	1717	1655
0	0	0	0	1372	588	15872	-352	71	84	2184	1750	1716	1655
0	0	0	0	1372	532	15688	-372	66	81	2185	1748	1716	1652
0	0	0	0	1336	564	15592	-350	60	87	2186	1751	1718	1656
0	0	0	0	1452	532	15792	-354	63	84	2185	1749	1719	1655
0	0	0	0	1352	528	15784	-371	54	89	2187	1748	1717	1655
0	0	0	0	1408	452	15740	-363	65	96	2184	1750	1718	1656
0	0	0	0	1444	600	15828	-358	67	80	2184	1753	1719	1656
0	0	0	0	1400	552	15740	-364	65	85	2184	1749	1716	1656
0	0	0	0	1344	532	15744	-364	65	94	2186	1749	1717	1653
0	0	0	0	1368	488	15696	-370	74	98	2185	1746	1715	1656
0	0	0	0	1364	484	15800	-359	65	94	2185	1747	1711	1655
0	0	0	0	1452	536	15876	-367	72	89	2186	1749	1718	1656
0	0	0	0	1440	540	15796	-361	60	86	2184	1746	1717	1656
0	0	0	0	1404	564	15772	-358	69	92	2188	1749	1716	1653
0	0	0	0	1424	556	15832	-362	72	83	2186	1749	1718	1657
0	0	0	0	1372	520	15704	-364	69	91	2187	1748	1717	1655
0	0	0	0	1332	588	15696	-360	56	88	2185	1748	1715	1654
0	0	0	0	1368	516	15716	-354	74	90	2187	1749	1718	1655
0	0	0	0	1432	536	15828	-355	55	101	2186	1750	1718	1656
0	0	0	0	1316	380	15804	-358	56	93	2185	1748	1717	1656
0	0	0	0	1280	640	15812	-363	56	93	2186	1751	1717	1655
0	0	0	0	1412	512	15764	-358	73	88	2187	1751	1718	1656
0	0	0	0	1320	492	15848	-354	65	83	2185	1749	1717	1655
0	0	0	0	1372	476	15756	-362	66	90	2186	1749	1718	1654
0	0	0	0	1360	472	15780	-364	61	93	2186	1750	1717	1656
0	0	0	0	1364	504	15764	-358	67	76	2185	1750	1716	1656
0	0	0	0	1460	400	15872	-365	75	93	2186	1750	1716	1656
0	0	0	0	1380	504	15736	-365	69	88	2184	1749	1718	1655
0	0	0	0	1328	560	15764	-360	69	94	2185	1755	1718	1655
0	0	0	0	1408	608	15824	-357	73	79	2187	1750	1717	1657
0	0	0	0	1364	484	15592	-349	62	92	2184	1750	1718	1655
0	0	0	0	1396	440	15832	-350	67	87	2184	1749	1717	1656
0	0	0	0	1444	540	15776	-350	58	91	2186	1750	1717	1657
0	0	0	0	1368	512	15764	-358	68	94	2185	1751	1728	1656
0	0	0	0	1404	504	15744	-352	67	96	2188	1743	1717	1655
0	0	0	0	1412	492	15884	-365	70	84	2188	1749	1717	1656
0	0	0	0	1340	488	15772	-357	72	85	2185	1749	1717	1656
0	0	0	0	1392	496	15948	-351	68	84	2185	1749	1716	1653
0	0	0	0	1320	532	15876	-365	69	92	2186	1752	1716	1657
0	0	0	0	1476	512	15860	-360	52	100	2186	1748	1718	1656
0	0	0	0	1360	452	15716	-361	64	93	2186	1749	1717	1655
0	0	0	0	1368	336	15692	-365	61	76	2185	1750	1716	1657
0	0	0	0	1468	404	15688	-351	72	95	2185	1749	1717	1656
0	0	0	0	1356	496	15800	-350	70	94	2184	1748	1717	1656
0	0	0	0	1332	456	15752	-354	74	94	2186	1749	1717	1657
0	0	0	0	1412	476	15692	-361	60	91	2185	1744	1716	1653
0	0	0	0	1548	588	15788	-377	61	96	2184	1747	1716	1654
0	0	0	0	1436	476	15816	-371	61	83	2185	1748	1718	1657
0	0	0	0	1396	468	15760	-367	63	92	2184	1749	1715	1656
0	0	0	0	1424	500	15608	-353	65	95	2183	1748	1716	1653
0	0	0	0	1404	464	15664	-360	67	94	2185	1749	1717	1656
0	0	0	0	1372	536	15656	-358	66	100	2186	1748	1717	1653
0	0	0	0	1432	492	15796	-354	70	91	2184	1748	1717	1654
0	0	0	0	1408	492	15684	-354	64	82	2187	1749	1717	1656
0	0	0	0	1356	424	15816	-361	72	81	2185	1748	1718	1655
0	0	0	0	1352	436	15728	-374	70	97	2184	1749	1716	1655
0	0	0	0	1488	572	15680	-352	61	100	2185	1745	1718	1654
0	0	0	0	1308	540	15844	-363	66	93	2187	1749	1717	1656
0	0	0	0	1348	516	15812	-352	71	95	2185	1748	1717	1655
0	0	0	0	1420	408	15628	-365	65	95	2187	1749	1718	1656
0	0	0	0	1456	568	15772	-363	67	95	2186	1749	1717	1655
0	0	0	0	1396	496	15884	-368	67	84	2185	1748	1716	1653
0	0	0	0	1372	520	15736	-360	62	89	2185	1750	1716	1651
0	0	0	0	1460	560	15756	-364	72	94	2180	1749	1716	1653
0	0	0	0	1400	612	15772	-358	53	95	2186	1747	1717	1654
0	0	0	0	1300	444	15868	-358	77	78	2185	1750	1716	1655
0	0	0	0	1424	440	15652	-371	68	78	2186	1748	1717	1656
0	0	0	0	1344	540	15688	-361	74	91	2185	1748	1716	1653
0	0	0	0	1408	500	15648	-367	60	89	2186	1749	1717	1655
0	0	0	0	1432	412	15784	-373	65	96	2186	1750	1717	1655
0	0	0	0	1388	484	15832	-354	56	95	2185	1747	1716	1656
0	0	0	0	1468	580	15676	-373	62	83	2189	1749	1718	1655
0	0	0	0	1468	400	15608	-367	72	88	2185	1749	1716	1655
0	0	0	0	1436	384	15812	-359	67	87	2181	1749	1715	1653
0	0	0	0	1448	504	15772	-364	52	88	2184	1749	1717	1656
0	0	0	0	1296	452	15836	-365	73	91	2185	1748	1717	1655
0	0	0	0	1384	508	15848	-350	70	95	2185	1748	1716	1654
0	0	0	0	1352	596	15704	-356	66	96	2187	1748	1718	1655
0	0	0	0	1320	340	15800	-364	62	88	2185	1745	1715	1654
0	0	0	0	1408	424	15628	-362	51	89	2184	1748	1716	1655
0	0	0	0	1424	388	15672	-362	70	97	2185	1750	1717	1667
0	0	0	0	1368	352	15728	-367	73	87	2185	1749	1717	1656
0	0	0	0	1352	488	15692	-361	75	88	2186	1748	1716	1656
0	0	0	0	1396	452	15668	-366	81	82	2188	1747	1717	1656
0	0	0	0	1380	492	15636	-350	55	99	2186	1750	1717	1657
0	0	0	0	1392	532	15692	-349	62	99	2186	1749	1714	1656
0	0	0	0	1328	508	15552	-366	66	94	2186	1751	1717	1657
0	0	0	0	1360	452	15764	-367	62	88	2185	1749	1718	1656
0	0	0	0	1440	500	15688	-351	62	90	2186	1749	1716	1655
0	0	0	0	1440	552	15768	-353	68	91	2186	1749	1715	1654
0	0	0	0	1332	508	15684	-356	63	90	2184	1749	1719	1657
0	0	0	0	1396	552	15716	-355	61	83	2185	1750	1717	1655
0	0	0	0	1484	504	15852	-367	68	84	2185	1750	1718	1655
0	0	0	0	1504	432	15784	-350	79	92	2186	1751	1717	1656
0	0	0	0	1380	388	15720	-358	67	89	2186	1749	1716	1656
0	0	0	0	1436	456	15736	-349	62	87	2186	1749	1717	1656
0	0	0	0	1424	580	15768	-369	83	82	2185	1748	1718	1656
0	0	0	0	1400	524	15708	-359	68	91	2185	1749	1717	1655
0	0	0	0	1324	456	15668	-360	61	95	2186	1753	1717	1657
0	0	0	0	1344	532	15716	-353	61	84	2185	1749	1718	1655
0	0	0	0	1420	412	15868	-365	71	87	2185	1745	1718	1654
0	0	0	0	1368	456	15752	-344	77	93	2186	1749	1719	1656
0	0	0	0	1400	412	15792	-357	58	95	2186	1750	1718	1656
0	0	0	0	1440	484	15872	-371	73	96	2185	1745	1717	1655
0	0	0	0	1428	528	15744	-360	69	100	2186	1748	1718	1655
0	0	0	0	1412	440	15680	-358	57	84	2187	1750	1718	1656
0	0	0	0	1352	544	15840	-367	71	84	2185	1748	1717	1655
0	0	0	0	1320	572	15792	-354	71	88	2187	1749	1717	1655
0	0	0	0	1448	500	15696	-350	58	91	2183	1750	1717	1656
0	0	0	0	1432	328	15784	-361	72	91	2185	1749	1716	1656
0	0	0	0	1420	488	15760	-361	69	89	2186	1750	1717	1655
0	0	0	0	1412	564	15712	-366	77	91	2186	1750	1719	1655
0	0	0	0	1388	544	15824	-349	60	87	2183	1749	1717	1655
0	0	0	0	1404	496	15844	-361	70	92	2186	1750	1718	1660
0	0	0	0	1340	528	15776	-358	65	91	2185	1750	1719	1653
0	0	0	0	1356	448	15792	-355	81	95	2185	1750	1718	1656
0	0	0	0	1340	500	15744	-359	68	94	2186	1750	1718	1657
0	0	0	0	1304	544	15860	-357	80	83	2185	1749	1718	1657
0	0	0	0	1436	500	15720	-359	73	93	2184	1748	1717	1655
0	0	0	0	1420	472	15808	-358	69	91	2192	1749	1718	1656
0	0	0	0	1540	560	15680	-371	67	94	2185	1750	1716	1656
0	0	0	0	1532	496	15784	-362	65	93	2185	1749	1716	1656
0	0	0	0	1448	560	15640	-366	64	85	2185	1749	1717	1656
0	0	0	0	1412	480	15704	-363	61	93	2186	1749	1718	1655
0	0	0	0	1360	508	15740	-361	58	89	2186	1748	1716	1654
0	0	0	0	1364	496	15828	-355	52	76	2186	1746	1717	1656
0	0	0	0	1356	448	15728	-367	67	85	2185	1748	1717	1655
0	0	0	0	1392	504	15680	-357	61	89	2183	1747	1717	1655
0	0	0	0	1344	500	15820	-359	63	94	2184	1749	1717	1654
0	0	0	0	1236	544	15752	-369	63	95	2187	1748	1713	1655
0	0	0	0	1356	540	15720	-359	62	94	2186	1748	1716	1655
0	0	0	0	1480	488	15836	-363	63	88	2186	1749	1718	1655
0	0	0	0	1468	456	15792	-363	68	82	2186	1750	1715	1656
0	0	0	0	1404	452	15716	-369	65	78	2184	1751	1715	1656
0	0	0	0	1432	480	15728	-372	69	95	2186	1750	1718	1656
0	0	0	0	1384	484	15728	-363	68	86	2185	1749	1718	1655
0	0	0	0	1368	572	15832	-353	51	93	2185	1748	1717	1651
0	0	0	0	1452	576	15756	-355	63	87	2186	1749	1717	1655
0	0	0	0	1432	512	15652	-353	82	89	2185	1748	1718	1656
0	0	0	0	1372	552	15824	-366	64	98	2184	1748	1716	1655
0	0	0	0	1360	536	15744	-353	63	95	2185	1749	1717	1656
0	0	0	0	1428	404	15848	-363	63	90	2186	1750	1713	1654
0	0	0	0	1436	472	15848	-365	75	85	2184	1748	1717	1655
0	0	0	0	1464	476	15836	-351	63	92	2184	1748	1717	1656
0	0	0	0	1312	540	15740	-351	78	87	2183	1749	1716	1656
0	0	0	0	1368	460	15856	-349	69	101	2186	1749	1717	1656
0	0	0	0	1456	480	15868	-378	70	88	2185	1749	1716	1656
0	0	0	0	1388	460	15884	-367	63	83	2185	1743	1717	1655
0	0	0	0	1328	504	15860	-363	64	81	2185	1748	1716	1654
0	0	0	0	1348	592	15716	-360	56	97	2186	1749	1717	1655
0	0	0	0	1336	444	15744	-360	63	89	2184	1749	1717	1656
0	0	0	0	1360	504	15820	-353	59	88	2184	1748	1715	1655
0	0	0	0	1332	416	15788	-354	89	89	2184	1748	1717	1657
0	0	0	0	1384	412	15668	-357	66	92	2185	1750	1717	1655
0	0	0	0	1468	460	15848	-360	68	94	2186	1747	1713	1655
0	0	0	0	1388	376	15760	-360	53	87	2186	1749	1717	1655
0	0	0	0	1432	516	15812	-366	74	83	2184	1750	1717	1656
0	0	0	0	1412	480	15848	-360	76	93	2184	1748	1716	1653
0	0	0	0	1436	556	15612	-365	64	90	2186	1748	1716	1654
0	0	0	0	1412	488	15792	-360	67	91	2185	1749	1717	1655
0	0	0	0	1472	456	15680	-349	77	89	2185	1748	1717	1654
0	0	0	0	1384	380	15784	-349	61	94	2186	1749	1722	1655
0	0	0	0	1368	476	15736	-350	55	89	2185	1748	1718	1656
0	0	0	0	1276	416	15872	-360	71	96	2186	1749	1729	1656
0	0	0	0	1372	456	15868	-368	69	78	2186	1751	1719	1655
0	0	0	0	1408	456	15800	-358	68	79	2184	1751	1717	1657
0	0	0	0	1272	524	15704	-358	63	87	2185	1748	1718	1658
0	0	0	0	1436	468	15728	-361	63	87	2186	1749	1718	1657
0	0	0	0	1472	596	15688	-355	59	97	2186	1750	1717	1657
0	0	0	0	1372	484	15748	-362	75	80	2185	1745	1716	1656
0	0	0	0	1384	544	15960	-357	66	85	2187	1753	1717	1656
0	0	0	0	1416	484	15728	-359	66	80	2185	1749	1718	1655
0	0	0	0	1412	600	15704	-368	66	93	2186	1748	1717	1655
0	0	0	0	1328	592	15748	-357	73	91	2187	1749	1724	1655
0	0	0	0	1368	568	15760	-358	71	95	2186	1750	1718	1656
0	0	0	0	1372	580	15920	-354	61	89	2185	1749	1717	1656
0	0	0	0	1344	464	15884	-364	73	95	2186	1750	1716	1656
0	0	0	0	1416	572	15748	-359	68	84	2188	1751	1718	1656
0	0	0	0	1356	496	15732	-364	76	93	2186	1748	1718	1656
0	0	0	0	1468	520	15640	-363	59	93	2186	1750	1723	1656
0	0	0	0	1396	492	15760	-349	85	85	2186	1749	1718	1655
0	0	0	0	1316	500	15756	-361	62	90	2185	1750	1716	1655
0	0	0	0	1420	432	15828	-359	65	84	2186	1750	1717	1657
0	0	0	0	1404	432	15728	-365	66	95	2186	1749	1718	1653
0	0	0	0	1344	496	15768	-366	69	91	2183	1748	1717	1655
0	0	0	0	1356	616	15776	-361	64	89	2187	1750	1718	1656
0	0	0	0	1284	552	15696	-367	62	96	2184	1749	1718	1655
0	0	0	0	1340	540	15744	-362	59	94	2183	1748	1718	1656
0	0	0	0	1320	412	15808	-358	66	94	2185	1750	1718	1662
0	0	0	0	1428	456	15760	-367	73	81	2187	1750	1712	1657
0	0	0	0	1332	464	15772	-365	66	92	2185	1748	1717	1656
0	0	0	0	1460	520	15680	-364	77	95	2186	1746	1718	1656
0	0	0	0	1416	448	15692	-369	62	85	2186	1750	1716	1657
0	0	0	0	1400	580	15608	-350	58	97	2186	1748	1716	1653
0	0	0	0	1324	524	15856	-364	62	90	2186	1743	1717	1657
0	0	0	0	1236	620	15768	-358	62	87	2185	1749	1718	1651
0	0	0	0	1356	560	15716	-357	58	95	2185	1749	1717	1655
0	0	0	0	1428	404	15824	-364	69	94	2187	1750	1714	1657
0	0	0	0	1452	488	15664	-354	75	101	2187	1750	1716	1656
0	0	0	0	1276	512	15720	-351	66	96	2185	1749	1718	1657
0	0	0	0	1392	512	15816	-348	62	89	2186	1749	1718	1655
0	0	0	0	1368	456	15724	-361	60	84	2186	1751	1717	1656
0	0	0	0	1376	444	15796	-357	71	90	2185	1747	1717	1653
0	0	0	0	1392	512	15712	-355	63	92	2185	1747	1717	1655
0	0	0	0	1444	496	15612	-368	60	90	2183	1750	1716	1655
0	0	0	0	1332	476	15836	-365	67	91	2184	1747	1715	1653
0	0	0	0	1432	464	15864	-348	78	81	2186	1749	1716	1655
0	0	0	0	1444	520	15704	-353	77	82	2185	1749	1718	1654
0	0	0	0	1424	572	15728	-350	57	80	2185	1748	1716	1654
0	0	0	0	1404	540	15604	-363	61	83	2185	1748	1716	1655
0	0	0	0	1360	616	15652	-365	87	92	2185	1749	1717	1655
0	0	0	0	1416	528	15888	-362	58	102	2186	1750	1717	1655
0	0	0	0	1396	508	15764	-355	67	82	2185	1749	1717	1656
0	0	0	0	1352	540	15636	-361	64	93	2196	1743	1717	1655
0	0	0	0	1464	432	15796	-349	66	100	2186	1749	1717	1656
0	0	0	0	1280	596	15860	-359	68	82	2184	1749	1725	1655
0	0	0	0	1420	556	15776	-355	67	82	2184	1745	1716	1656
0	0	0	0	1364	528	15744	-374	63	96	2185	1748	1715	1655
0	0	0	0	1476	468	15836	-358	57	90	2186	1749	1716	1655
0	0	0	0	1372	476	15904	-355	64	91	2179	1748	1717	1655
0	0	0	0	1440	496	15836	-364	59	92	2183	1748	1715	1654
0	0	0	0	1396	520	15832	-357	70	89	2186	1749	1717	1656
0	0	0	0	1448	536	15692	-359	71	92	2185	1749	1718	1655
0	0	0	0	1404	484	15868	-363	53	86	2184	1748	1717	1655
0	0	0	0	1488	548	15792	-364	60	75	2185	1757	1719	1655
0	0	0	0	1408	496	15596	-363	65	103	2185	1748	1716	1655
0	0	0	0	1380	420	15772	-358	76	94	2185	1748	1716	1655
0	0	0	0	1396	468	15776	-359	63	83	2187	1749	1718	1654
0	0	0	0	1320	580	15736	-355	67	85	2183	1749	1716	1656
0	0	0	0	1460	464	15816	-360	62	83	2185	1748	1716	1654
0	0	0	0	1428	596	15732	-357	80	101	2186	1748	1716	1656
0	0	0	0	1460	508	15792	-343	59	91	2184	1748	1717	1650
0	0	0	0	1296	464	15836	-373	63	89	2183	1747	1716	1654
0	0	0	0	1452	564	15708	-353	61	90	2187	1748	1718	1655
0	0	0	0	1336	528	15764	-360	64	83	2184	1749	1717	1653
0	0	0	0	1340	392	15628	-365	68	94	2185	1748	1717	1655
0	0	0	0	1280	560	15684	-370	65	85	2186	1749	1716	1651
0	0	0	0	1392	428	15792	-358	65	85	2186	1750	1716	1655
0	0	0	0	1324	512	15756	-370	69	81	2185	1743	1713	1655
0	0	0	0	1424	548	15728	-367	60	97	2197	1753	1717	1655
0	0	0	0	1376	564	15760	-358	73	93	2185	1749	1716	1656
0	0	0	0	1368	620	15856	-370	73	85	2184	1748	1716	1655
0	0	0	0	1424	524	15816	-361	82	95	2183	1751	1714	1655
0	0	0	0	1304	572	15664	-349	64	93	2191	1749	1717	1653
0	0	0	0	1420	532	15672	-360	72	92	2184	1749	1717	1655
0	0	0	0	1332	488	15716	-368	68	88	2186	1749	1716	1656
0	0	0	0	1392	504	15560	-368	64	80	2185	1745	1717	1649
0	0	0	0	1364	572	15796	-351	56	92	2185	1749	1717	1655
0	0	0	0	1372	492	15656	-364	70	97	2186	1751	1718	1657
0	0	0	0	1424	480	15780	-354	67	90	2187	1750	1718	1654
0	0	0	0	1264	396	15744	-352	65	77	2185	1750	1718	1655
0	0	0	0	1308	556	15748	-354	57	101	2185	1750	1716	1656
0	0	0	0	1404	444	15712	-356	65	78	2185	1747	1718	1652
0	0	0	0	1408	500	15812	-360	60	89	2184	1749	1717	1653
0	0	0	0	1408	636	15788	-364	62	97	2186	1750	1718	1657
0	0	0	0	1352	472	15664	-356	73	93	2185	1749	1718	1655
0	0	0	0	1360	556	15668	-352	71	89	2184	1751	1717	1655
0	0	0	0	1376	472	15860	-361	69	84	2188	1749	1718	1650
0	0	0	0	1400	464	15732	-360	69	84	2185	1749	1719	1656
0	0	0	0	1356	520	15724	-350	75	96	2185	1749	1716	1656
0	0	0	0	1412	508	15796	-366	63	81	2186	1747	1717	1656
0	0	0	0	1396	444	15832	-358	74	85	2187	1749	1717	1656
0	0	0	0	1372	452	15788	-356	61	65	2188	1748	1718	1655
0	0	0	0	1448	640	15744	-356	51	89	2186	1749	1718	1656
0	0	0	0	1292	488	15696	-361	69	81	2186	1749	1716	1656
0	0	0	0	1452	428	15768	-356	66	91	2185	1748	1716	1655
0	0	0	0	1416	528	15696	-372	62	80	2186	1750	1717	1657
0	0	0	0	1452	412	15724	-360	66	99	2185	1749	1717	1656
0	0	0	0	1360	548	15812	-352	63	83	2185	1749	1717	1655
0	0	0	0	1496	492	15728	-353	55	82	2187	1749	1718	1656
0	0	0	0	1368	572	15880	-365	62	93	2185	1750	1719	1656
0	0	0	0	1404	524	15716	-359	76	88	2184	1748	1717	1654
0	0	0	0	1396	540	15828	-361	68	93	2186	1750	1718	1654
0	0	0	0	1312	464	15844	-366	70	76	2184	1750	1718	1657
0	0	0	0	1308	436	15644	-367	63	82	2183	1748	1717	1655
0	0	0	0	1388	480	15796	-366	63	87	2190	1748	1719	1656
0	0	0	0	1404	476	15760	-372	71	86	2180	1749	1717	1656
0	0	0	0	1408	520	15908	-361	68	104	2186	1749	1718	1656
0	0	0	0	1396	508	15712	-357	59	97	2186	1751	1717	1656
0	0	0	0	1432	532	15824	-358	64	104	2184	1749	1717	1656
0	0	0	0	1460	520	15784	-356	64	97	2183	1744	1717	1655
0	0	0	0	1428	432	15776	-363	63	87	2186	1750	1718	1655
0	0	0	0	1344	532	15880	-357	61	98	2184	1745	1718	1655
0	0	0	0	1388	468	15732	-363	72	92	2183	1748	1717	1655
0	0	0	0	1444	524	15740	-368	67	87	2186	1750	1717	1656
0	0	0	0	1456	512	15764	-365	61	83	2187	1749	1716	1655
0	0	0	0	1428	584	15624	-363	66	79	2187	1747	1718	1655
0	0	0	0	1448	472	15840	-348	53	93	2186	1749	1718	1655
0	0	0	0	1384	580	15816	-361	66	96	2184	1749	1716	1656
0	0	0	0	1344	452	15716	-347	62	94	2185	1749	1713	1654
0	0	0	0	1412	508	15780	-358	67	96	2186	1745	1716	1656
0	0	0	0	1344	496	15684	-351	63	84	2185	1748	1717	1655
0	0	0	0	1496	440	15800	-347	71	84	2185	1749	1716	1654
0	0	0	0	1352	512	15696	-359	73	96	2185	1749	1717	1653
0	0	0	0	1412	584	15772	-361	71	101	2184	1747	1717	1655
0	0	0	0	1404	404	15780	-350	72	81	2184	1748	1717	1654
0	0	0	0	1376	480	15644	-364	64	87	2185	1749	1717	1653
0	0	0	0	1432	508	15640	-368	66	94	2186	1750	1716	1655
0	0	0	0	1436	484	15868	-357	73	86	2185	1747	1715	1655
0	0	0	0	1352	480	15804	-360	69	83	2185	1749	1717	1656
0	0	0	0	1396	560	15800	-351	59	85	2185	1749	1717	1656
0	0	0	0	1276	524	15872	-359	70	89	2183	1749	1716	1655
0	0	0	0	1416	480	15684	-362	60	90	2186	1749	1716	1656
0	0	0	0	1436	552	15916	-349	69	80	2185	1748	1717	1654
0	0	0	0	1368	548	15804	-363	64	99	2185	1745	1717	1654
0	0	0	0	1340	536	15680	-362	71	81	2186	1749	1717	1656
0	0	0	0	1388	544	15684	-352	69	91	2185	1749	1717	1656
0	0	0	0	1392	488	15716	-357	62	86	2185	1745	1716	1655
0	0	0	0	1456	508	15680	-364	66	88	2185	1750	1716	1657
0	0	0	0	1388	484	15664	-353	66	83	2187	1749	1717	1655
0	0	0	0	1276	504	15792	-362	71	89	2186	1748	1718	1656
0	0	0	0	1372	500	15700	-372	70	85	2186	1749	1715	1656
0	0	0	0	1480	492	15808	-372	58	86	2185	1749	1715	1655
0	0	0	0	1460	552	15688	-367	63	97	2185	1749	1715	1655
0	0	0	0	1356	312	15688	-355	62	87	2186	1749	1717	1656
0	0	0	0	1380	624	15732	-356	71	103	2185	1748	1717	1656
0	0	0	0	1380	404	15904	-363	65	95	2186	1747	1717	1654
0	0	0	0	1272	476	15880	-356	77	93	2185	1750	1715	1656
0	0	0	0	1372	564	15740	-366	66	88	2185	1749	1718	1654
0	0	0	0	1372	464	15728	-361	66	91	2184	1748	1718	1655
0	0	0	0	1368	600	15700	-361	49	89	2185	1750	1717	1662
0	0	0	0	1420	468	15736	-361	67	86	2185	1749	1716	1655
0	0	0	0	1352	472	15784	-361	64	92	2185	1748	1717	1655
0	0	0	0	1304	520	15764	-360	65	94	2197	1749	1718	1656
0	0	0	0	1400	400	15920	-354	66	104	2186	1751	1717	1657
0	0	0	0	1468	504	15724	-363	59	82	2184	1749	1716	1655
0	0	0	0	1376	560	15808	-368	58	84	2186	1760	1718	1657
0	0	0	0	1360	412	15776	-356	62	82	2185	1748	1718	1656
0	0	0	0	1500	584	15656	-362	60	89	2185	1748	1716	1654
0	0	0	0	1368	420	15824	-362	73	92	2187	1746	1718	1655
0	0	0	0	1440	464	15708	-356	68	92	2185	1749	1718	1655
0	0	0	0	1496	548	15776	-366	66	93	2185	1748	1716	1655
0	0	0	0	1264	444	15728	-357	62	94	2187	1748	1718	1655
0	0	0	0	1344	392	15736	-354	70	82	2187	1751	1717	1655
0	0	0	0	1384	532	15872	-352	54	87	2185	1749	1717	1655
0	0	0	0	1356	584	15692	-372	59	92	2186	1749	1718	1656
0	0	0	0	1332	588	15736	-357	72	85	2185	1750	1716	1657
0	0	0	0	1304	448	15812	-363	64	85	2186	1749	1716	1655
0	0	0	0	1344	568	15832	-368	61	90	2187	1751	1718	1657
0	0	0	0	1368	348	15784	-359	75	90	2186	1750	1719	1650
0	0	0	0	1488	596	15868	-360	67	91	2183	1748	1717	1654
0	0	0	0	1356	464	15816	-367	69	96	2185	1750	1727	1656
0	0	0	0	1328	520	15656	-363	56	91	2185	1750	1718	1655
0	0	0	0	1400	472	15796	-363	64	99	2186	1749	1717	1656
0	0	0	0	1404	496	15684	-357	65	90	2185	1750	1718	1656
0	0	0	0	1472	516	15760	-367	63	91	2186	1750	1717	1656
0	0	0	0	1348	464	15700	-354	67	84	2185	1748	1717	1656
0	0	0	0	1464	480	15792	-354	66	100	2177	1750	1712	1656
0	0	0	0	1416	552	15748	-359	56	94	2183	1750	1717	1657
0	0	0	0	1388	472	15808	-358	64	91	2185	1748	1716	1653
0	0	0	0	1424	504	15868	-360	66	86	2186	1751	1717	1657
0	0	0	0	1348	428	15776	-356	70	94	2186	1745	1717	1656
0	0	0	0	1324	504	15840	-346	68	81	2186	1748	1718	1655
0	0	0	0	1412	464	15692	-362	71	91	2186	1750	1718	1655
0	0	0	0	1420	596	15572	-340	65	87	2186	1749	1718	1656
0	0	0	0	1348	460	15692	-350	70	90	2185	1748	1715	1656
0	0	0	0	1476	368	15872	-359	66	80	2186	1750	1717	1658
0	0	0	0	1376	480	15960	-362	72	95	2187	1751	1721	1666
0	0	0	0	1396	488	15696	-373	66	87	2185	1748	1715	1656
0	0	0	0	1464	432	15788	-354	56	91	2186	1749	1718	1656
0	0	0	0	1416	544	15744	-353	55	92	2187	1749	1718	1657
0	0	0	0	1336	488	15860	-367	62	92	2185	1749	1715	1655
0	0	0	0	1288	540	15680	-351	62	79	2188	1748	1717	1654
0	0	0	0	1296	476	15848	-353	55	95	2187	1748	1717	1655
0	0	0	0	1364	420	15660	-357	66	83	2184	1748	1716	1654
0	0	0	0	1512	500	15796	-354	77	98	2185	1749	1717	1656
0	0	0	0	1312	548	15912	-352	68	90	2184	1749	1718	1655
0	0	0	0	1436	508	15772	-371	66	86	2185	1748	1716	1655
0	0	0	0	1400	532	15748	-355	70	94	2186	1749	1717	1655
0	0	0	0	1408	508	15720	-359	57	99	2185	1750	1717	1655
0	0	0	0	1332	488	15632	-358	58	101	2187	1749	1718	1656
0	0	0	0	1392	472	15904	-361	75	90	2186	1749	1717	1656
0	0	0	0	1252	524	15728	-357	71	96	2188	1749	1718	1656
0	0	0	0	1288	604	15696	-359	61	87	2184	1744	1715	1655
0	0	0	0	1340	500	15660	-350	69	95	2185	1749	1716	1655
0	0	0	0	1304	448	15772	-341	66	99	2186	1748	1717	1654
0	0	0	0	1524	528	15860	-359	71	91	2185	1749	1717	1654
0	0	0	0	1436	584	15996	-364	66	97	2186	1749	1717	1652
0	0	0	0	1404	424	15848	-356	64	87	2185	1749	1717	1655
0	0	0	0	1408	520	15800	-357	71	84	2183	1749	1716	1655
0	0	0	0	1404	492	15820	-365	72	86	2185	1750	1715	1667
0	0	0	0	1380	560	15636	-364	75	80	2185	1750	1716	1655
0	0	0	0	1508	536	15984	-367	77	96	2185	1748	1716	1654
0	0	0	0	1424	428	15672	-358	69	93	2186	1749	1718	1656
0	0	0	0	1444	460	15596	-360	64	82	2183	1749	1716	1654
0	0	0	0	1488	440	15616	-359	62	87	2184	1749	1715	1653
0	0	0	0	1404	492	15888	-356	59	105	2186	1748	1716	1654
0	0	0	0	1352	528	15768	-353	75	98	2186	1748	1718	1652
0	0	0	0	1428	512	15756	-345	69	96	2184	1748	1716	1655
0	0	0	0	1432	428	15708	-364	68	89	2187	1748	1718	1654
0	0	0	0	1344	436	15604	-358	68	88	2185	1749	1718	1654
0	0	0	0	1404	360	15840	-364	71	93	2183	1750	1711	1655
0	0	0	0	1444	536	15704	-369	60	87	2185	1749	1717	1655
0	0	0	0	1480	552	15672	-365	61	92	2185	1754	1726	1655
0	0	0	0	1292	472	15756	-349	80	94	2184	1749	1717	1657
0	0	0	0	1392	480	15904	-357	75	84	2186	1745	1718	1655
0	0	0	0	1432	488	15788	-360	62	82	2185	1749	1716	1656
0	0	0	0	1424	496	15840	-355	65	93	2184	1748	1715	1654
0	0	0	0	1428	400	15724	-359	62	85	2186	1742	1717	1656
0	0	0	0	1348	516	15772	-369	68	92	2185	1749	1718	1649
0	0	0	0	1352	484	15656	-365	53	80	2183	1748	1716	1654
0	0	0	0	1264	572	15724	-357	57	93	2184	1749	1716	1659
0	0	0	0	1388	444	15752	-347	70	91	2186	1749	1717	1655
0	0	0	0	1380	380	15712	-366	65	85	2184	1748	1717	1656
0	0	0	0	1396	468	15672	-366	78	86	2186	1750	1718	1655
0	0	0	0	1292	440	15672	-354	70	98	2186	1751	1719	1654
0	0	0	0	1408	516	15816	-365	60	86	2185	1747	1717	1654
0	0	0	0	1424	536	15772	-361	53	93	2186	1748	1719	1657
0	0	0	0	1416	472	15772	-354	70	92	2187	1750	1717	1656
0	0	0	0	1368	616	15780	-372	61	90	2185	1748	1716	1653
0	0	0	0	1352	536	15880	-370	68	84	2186	1751	1717	1656
0	0	0	0	1352	460	15776	-363	67	86	2186	1749	1718	1667
0	0	0	0	1332	496	15908	-380	71	81	2185	1749	1717	1654
0	0	0	0	1408	596	15740	-353	68	88	2185	1749	1727	1656
0	0	0	0	1444	512	15824	-357	67	98	2185	1749	1718	1655
0	0	0	0	1372	448	15780	-350	69	91	2184	1748	1717	1655
0	0	0	0	1400	632	15660	-342	59	79	2187	1749	1719	1655
0	0	0	0	1284	536	15796	-359	72	84	2186	1745	1717	1656
0	0	0	0	1332	504	15748	-359	74	105	2183	1743	1718	1657
0	0	0	0	1372	604	15580	-360	73	85	2187	1749	1717	1656
0	0	0	0	1408	420	15864	-365	67	94	2185	1746	1717	1656
0	0	0	0	1372	496	15840	-345	65	73	2186	1751	1717	1656
0	0	0	0	1456	528	15820	-369	58	81	2186	1750	1717	1657
0	0	0	0	1448	540	15680	-358	59	93	2185	1749	1717	1655
0	0	0	0	1380	500	15668	-362	77	97	2186	1749	1715	1655
0	0	0	0	1376	516	15824	-356	67	87	2186	1749	1719	1655
0	0	0	0	1464	548	15672	-361	65	95	2185	1750	1719	1655
0	0	0	0	1400	596	15676	-353	67	95	2185	1749	1717	1656
0	0	0	0	1416	504	15788	-356	68	84	2186	1750	1717	1656
0	0	0	0	1344	368	15776	-354	79	85	2185	1750	1717	1655
0	0	0	0	1436	552	15604	-354	57	76	2187	1749	1718	1655
0	0	0	0	1396	380	15752	-356	77	97	2186	1749	1719	1654
0	0	0	0	1400	424	15696	-353	73	80	2185	1750	1715	1656
0	0	0	0	1324	400	15776	-352	63	81	2185	1748	1716	1653
0	0	0	0	1280	416	15808	-362	55	91	2186	1750	1718	1657
0	0	0	0	1388	504	15676	-357	72	89	2181	1749	1720	1655
0	0	0	0	1484	420	15892	-367	72	94	2185	1750	1717	1654
0	0	0	0	1336	584	15904	-362	68	101	2185	1750	1715	1655
0	0	0	0	1436	440	15676	-355	63	88	2185	1749	1718	1656
0	0	0	0	1344	468	15828	-364	65	94	2185	1749	1716	1655
0	0	0	0	1432	472	15776	-364	58	82	2186	1751	1718	1657
0	0	0	0	1504	472	15708	-355	54	93	2187	1750	1716	1655
0	0	0	0	1300	444	15732	-362	65	87	2185	1744	1716	1654
0	0	0	0	1384	512	15852	-355	74	88	2186	1748	1717	1655
0	0	0	0	1404	572	15764	-351	64	79	2186	1750	1717	1653
0	0	0	0	1424	456	15764	-363	68	95	2184	1748	1715	1653
0	0	0	0	1420	512	15800	-368	74	85	2185	1749	1715	1656
0	0	0	0	1292	484	15744	-360	63	98	2185	1749	1718	1654
0	0	0	0	1432	596	15636	-365	69	87	2183	1748	1717	1653
0	0	0	0	1308	520	15684	-353	70	97	2186	1749	1715	1655
0	0	0	0	1368	548	15584	-364	65	88	2185	1749	1717	1656
0	0	0	0	1396	508	15788	-358	68	98	2184	1747	1717	1654
0	0	0	0	1468	440	15956	-361	68	89	2183	1750	1717	1656
0	0	0	0	1392	452	15856	-363	65	97	2185	1750	1717	1653
0	0	0	0	1352	488	15860	-358	63	83	2186	1748	1715	1655
0	0	0	0	1308	600	15776	-358	71	87	2186	1748	1717	1655
0	0	0	0	1416	480	15832	-366	78	100	2186	1750	1718	1655
0	0	0	0	1416	600	15708	-351	73	92	2183	1748	1715	1655
0	0	0	0	1376	540	15716	-365	63	86	2185	1750	1717	1656
0	0	0	0	1444	452	15796	-359	75	80	2185	1747	1718	1654
0	0	0	0	1396	508	15824	-353	64	92	2186	1749	1717	1654
0	0	0	0	1424	572	15784	-360	64	87	2185	1749	1727	1655
0	0	0	0	1444	488	15672	-360	71	89	2185	1749	1717	1655
0	0	0	0	1404	368	15652	-347	70	87	2184	1748	1716	1655
0	0	0	0	1460	540	15596	-368	55	93	2185	1745	1717	1656
0	0	0	0	1440	540	15804	-362	54	84	2186	1749	1717	1655
0	0	0	0	1356	552	15768	-368	69	101	2186	1748	1717	1656
0	0	0	0	1328	476	15732	-357	52	91	2185	1750	1717	1655
0	0	0	0	1452	436	15864	-356	65	96	2184	1749	1717	1656
0	0	0	0	1432	488	15784	-356	66	97	2185	1748	1716	1655
0	0	0	0	1384	516	15900	-344	56	94	2185	1750	1717	1655
0	0	0	0	1444	584	15820	-356	61	88	2185	1749	1713	1655
0	0	0	0	1408	464	15656	-354	64	94	2185	1748	1717	1654
0	0	0	0	1344	520	15700	-348	73	92	2186	1749	1716	1656
0	0	0	0	1312	496	15664	-372	70	79	2186	1749	1716	1656
0	0	0	0	1284	472	15688	-372	59	89	2185	1748	1716	1653
0	0	0	0	1484	476	15728	-354	60	91	2186	1749	1717	1666
0	0	0	0	1352	536	15664	-364	64	78	2184	1750	1716	1660
0	0	0	0	1440	520	15696	-359	76	89	2186	1747	1714	1656
0	0	0	0	1344	508	15684	-359	69	85	2185	1749	1718	1656
0	0	0	0	1340	452	15652	-367	79	92	2185	1748	1715	1655
0	0	0	0	1412	424	15900	-350	64	91	2184	1748	1715	1653
0	0	0	0	1380	584	15824	-364	70	79	2187	1750	1717	1657
0	0	0	0	1420	512	15640	-351	76	83	2185	1749	1718	1655
0	0	0	0	1372	512	15620	-367	75	84	2185	1749	1717	1655
0	0	0	0	1288	468	16004	-364	49	88	2186	1750	1717	1655
0	0	0	0	1336	572	15744	-353	72	76	2187	1747	1718	1657
0	0	0	0	1404	464	15720	-355	69	85	2185	1749	1716	1655
0	0	0	0	1460	520	15812	-357	64	98	2183	1750	1718	1656
0	0	0	0	1252	608	15660	-354	70	92	2186	1749	1717	1655
0	0	0	0	1412	440	15672	-361	69	86	2186	1748	1717	1656
0	0	0	0	1420	512	15832	-358	64	84	2186	1750	1718	1656
0	0	0	0	1408	508	15800	-351	78	97	2187	1749	1717	1656
0	0	0	0	1356	428	15816	-359	63	87	2188	1749	1714	1653
0	0	0	0	1464	420	15768	-368	56	75	2186	1749	1716	1656
0	0	0	0	1396	488	15820	-360	67	95	2185	1749	1717	1656
0	0	0	0	1416	532	15664	-360	57	94	2185	1750	1717	1655
0	0	0	0	1440	508	15804	-353	62	86	2187	1750	1717	1654
0	0	0	0	1392	512	15776	-360	78	95	2185	1757	1719	1655
0	0	0	0	1440	496	15724	-355	74	101	2186	1749	1718	1657
0	0	0	0	1288	488	15692	-352	62	101	2185	1748	1718	1653
0	0	0	0	1284	584	15816	-366	75	95	2187	1751	1717	1656
0	0	0	0	1400	540	15616	-354	58	87	2185	1747	1717	1656
0	0	0	0	1440	548	15740	-360	65	86	2193	1749	1718	1656
0	0	0	0	1396	492	15776	-359	77	81	2183	1750	1717	1656
0	0	0	0	1376	488	15732	-352	59	85	2185	1749	1715	1655
0	0	0	0	1424	484	15820	-358	65	87	2186	1750	1717	1657
0	0	0	0	1340	508	15700	-363	71	94	2186	1749	1718	1663
0	0	0	0	1352	520	15724	-371	73	96	2185	1745	1717	1655
0	0	0	0	1344	488	15724	-367	74	84	2187	1750	1718	1655
0	0	0	0	1504	552	15744	-365	65	82	2187	1750	1718	1656
0	0	0	0	1420	384	15872	-365	57	89	2184	1745	1718	1655
0	0	0	0	1396	560	15664	-362	63	100	2186	1745	1718	1655
0	0	0	0	1460	524	15704	-364	64	80	2187	1751	1716	1656
0	0	0	0	1420	564	15616	-368	56	89	2185	1748	1717	1655
0	0	0	0	1344	468	15900	-354	64	84	2186	1750	1716	1655
0	0	0	0	1360	544	15968	-359	65	81	2185	1750	1717	1656
0	0	0	0	1476	556	15752	-362	58	91	2185	1749	1716	1655
0	0	0	0	1424	472	15760	-371	65	92	2186	1751	1717	1656
0	0	0	0	1380	432	15740	-370	62	88	2185	1749	1718	1656
0	0	0	0	1448	460	15848	-365	58	92	2185	1749	1717	1655
0	0	0	0	1360	488	15744	-356	65	85	2187	1750	1718	1656
0	0	0	0	1436	476	15824	-367	72	90	2186	1749	1718	1653
0	0	0	0	1480	488	15796	-358	60	100	2186	1749	1718	1656
0	0	0	0	1388	448	15572	-358	54	83	2185	1749	1716	1655
0	0	0	0	1476	432	15736	-359	77	87	2187	1750	1717	1655
0	0	0	0	1432	484	15900	-361	75	88	2184	1747	1716	1655
0	0	0	0	1532	508	15740	-368	75	101	2184	1750	1715	1656
0	0	0	0	1484	524	15900	-368	57	95	2185	1750	1716	1656
0	0	0	0	1416	412	15808	-354	73	85	2185	1748	1715	1654
0	0	0	0	1444	532	15572	-361	63	89	2185	1751	1716	1655
0	0	0	0	1436	436	15700	-358	69	93	2185	1749	1717	1654
0	0	0	0	1416	540	15652	-360	67	105	2186	1749	1717	1655
0	0	0	0	1332	504	15768	-356	61	90	2186	1745	1717	1655
0	0	0	0	1396	408	15704	-372	66	89	2184	1749	1717	1655
0	0	0	0	1440	524	15784	-355	66	91	2185	1748	1715	1655
0	0	0	0	1412	496	15880	-355	59	90	2185	1750	1717	1656
0	0	0	0	1452	600	15840	-360	67	98	2186	1749	1715	1655
0	0	0	0	1452	460	15796	-361	77	84	2185	1748	1717	1655
0	0	0	0	1392	540	15788	-357	67	86	2185	1760	1717	1655
0	0	0	0	1504	492	15772	-349	58	86	2185	1750	1715	1656
0	0	0	0	1424	628	15724	-367	73	86	2185	1748	1716	1654
0	0	0	0	1488	480	15760	-357	72	82	2186	1750	1717	1655
0	0	0	0	1428	508	15780	-363	64	88	2195	1749	1717	1655
0	0	0	0	1500	540	15660	-360	68	80	2186	1744	1716	1652
0	0	0	0	1340	488	15708	-368	70	89	2185	1749	1716	1655
0	0	0	0	1380	528	15668	-362	70	92	2184	1749	1718	1655
0	0	0	0	1440	452	15460	-350	71	89	2184	1747	1717	1656
0	0	0	0	1340	504	15764	-355	77	93	2184	1749	1717	1665
0	0	0	0	1388	428	15756	-357	66	100	2186	1748	1717	1654
0	0	0	0	1392	412	15684	-349	66	79	2187	1748	1717	1655
0	0	0	0	1464	432	15652	-355	60	100	2184	1749	1716	1656
0	0	0	0	1404	540	15832	-351	77	87	2183	1749	1716	1656
0	0	0	0	1412	476	15752	-367	58	101	2186	1749	1717	1663
0	0	0	0	1316	472	15576	-349	58	83	2185	1750	1716	1656
0	0	0	0	1384	452	15792	-362	62	88	2186	1745	1717	1655
0	0	0	0	1360	508	15716	-359	59	89	2185	1748	1717	1654
0	0	0	0	1476	564	15756	-362	61	94	2186	1749	1718	1656
0	0	0	0	1452	640	15712	-364	64	96	2179	1748	1718	1656
0	0	0	0	1476	428	15772	-360	59	97	2184	1748	1714	1655
0	0	0	0	1388	520	15632	-351	65	86	2186	1749	1717	1653
0	0	0	0	1296	452	15804	-353	69	94	2186	1750	1717	1655
0	0	0	0	1388	436	15680	-352	68	101	2186	1755	1718	1657
0	0	0	0	1424	520	15708	-357	55	90	2187	1749	1717	1656
0	0	0	0	1380	564	15704	-352	66	98	2185	1750	1717	1656
0	0	0	0	1416	484	15616	-354	58	95	2185	1749	1717	1656
0	0	0	0	1372	496	15700	-365	68	85	2186	1751	1717	1654
0	0	0	0	1444	596	15840	-355	46	84	2186	1749	1718	1656
0	0	0	0	1348	524	15860	-355	68	95	2186	1752	1717	1655
0	0	0	0	1404	408	15712	-360	56	95	2187	1749	1720	1656
0	0	0	0	1368	504	15860	-375	69	83	2184	1751	1720	1656
0	0	0	0	1376	520	15896	-357	55	97	2185	1749	1716	1655
0	0	0	0	1356	396	15876	-346	77	93	2186	1748	1717	1653
0	0	0	0	1364	492	15744	-375	71	89	2185	1750	1728	1656
0	0	0	0	1416	484	15736	-359	56	92	2185	1748	1717	1656
0	0	0	0	1492	484	15720	-367	67	85	2187	1749	1718	1657
0	0	0	0	1424	532	15792	-360	65	91	2185	1750	1717	1656
0	0	0	0	1332	472	15764	-370	71	101	2186	1746	1717	1657
0	0	0	0	1436	424	15860	-359	65	84	2186	1751	1717	1656
0	0	0	0	1368	372	15892	-352	67	91	2197	1749	1717	1655
0	0	0	0	1444	552	15780	-354	71	95	2185	1749	1717	1654
0	0	0	0	1440	560	15732	-366	56	104	2184	1750	1716	1656
0	0	0	0	1496	508	15712	-360	71	100	2186	1749	1717	1656
0	0	0	0	1388	472	15652	-363	68	96	2185	1749	1717	1656
0	0	0	0	1360	480	15696	-364	57	89	2186	1751	1716	1652
0	0	0	0	1368	476	15736	-373	86	87	2185	1749	1717	1656
0	0	0	0	1436	520	15876	-356	58	86	2185	1749	1718	1655
0	0	0	0	1352	456	15728	-365	71	94	2186	1749	1718	1656
0	0	0	0	1352	476	15636	-347	70	95	2184	1750	1719	1654
0	0	0	0	1376	496	15736	-353	73	87	2186	1749	1715	1656
0	0	0	0	1392	420	15700	-356	61	95	2186	1762	1717	1657
0	0	0	0	1256	480	15704	-363	61	93	2181	1750	1718	1652
0	0	0	0	1332	472	15812	-362	75	86	2185	1749	1717	1655
0	0	0	0	1416	484	15884	-353	63	86	2187	1750	1719	1656
0	0	0	0	1344	396	15800	-362	65	90	2185	1749	1718	1655
0	0	0	0	1376	492	15848	-352	61	91	2183	1749	1717	1655
0	0	0	0	1484	552	15852	-365	71	87	2185	1750	1718	1668
0	0	0	0	1392	452	15764	-363	66	85	2186	1751	1717	1656
0	0	0	0	1384	660	15752	-364	61	104	2188	1751	1717	1654
0	0	0	0	1396	444	15700	-366	71	84	2186	1745	1718	1656
0	0	0	0	1396	568	15808	-361	69	83	2185	1750	1717	1656
0	0	0	0	1368	516	15800	-365	67	88	2185	1749	1716	1655
0	0	0	0	1468	544	15728	-354	81	90	2185	1746	1716	1655
0	0	0	0	1436	516	15716	-375	48	80	2185	1749	1718	1654
0	0	0	0	1316	468	15760	-361	57	89	2185	1742	1716	1654
0	0	0	0	1432	516	15720	-358	70	87	2187	1749	1728	1656
0	0	0	0	1424	552	15800	-351	46	79	2185	1760	1715	1656
0	0	0	0	1424	632	15756	-358	70	82	2184	1748	1716	1656
0	0	0	0	1444	448	15708	-357	66	85	2186	1749	1717	1656
0	0	0	0	1356	536	15612	-349	55	86	2186	1750	1716	1655
0	0	0	0	1376	564	15748	-363	68	93	2185	1748	1716	1654
0	0	0	0	1308	392	15780	-358	67	74	2185	1748	1718	1657
0	0	0	0	1400	540	15684	-344	54	100	2185	1750	1716	1656
0	0	0	0	1424	464	15884	-358	52	102	2186	1749	1726	1654
0	0	0	0	1392	496	15696	-351	60	87	2186	1749	1717	1656
0	0	0	0	1316	436	15960	-355	64	87	2185	1748	1711	1654
0	0	0	0	1348	636	15772	-359	73	87	2185	1747	1717	1654
0	0	0	0	1392	448	15512	-361	62	89	2184	1749	1723	1655
0	0	0	0	1444	532	15900	-353	60	89	2184	1749	1717	1655
0	0	0	0	1296	556	15808	-356	69	84	2184	1748	1717	1654
0	0	0	0	1408	512	15708	-353	67	84	2185	1750	1717	1655
0	0	0	0	1392	444	15744	-361	63	90	2185	1746	1717	1654
0	0	0	0	1424	608	15840	-358	65	86	2184	1748	1715	1655
0	0	0	0	1480	564	15752	-360	65	86	2185	1749	1713	1655
0	0	0	0	1408	464	15896	-351	71	86	2185	1745	1716	1656
0	0	0	0	1384	520	15752	-366	67	91	2184	1748	1716	1653
0	0	0	0	1428	540	15664	-369	70	88	2186	1749	1716	1656
0	0	0	0	1396	356	15768	-363	59	88	2185	1748	1717	1654
0	0	0	0	1308	464	15716	-357	77	102	2185	1750	1715	1655
0	0	0	0	1432	540	15756	-356	73	97	2186	1750	1729	1655
0	0	0	0	1316	532	15736	-369	69	91	2184	1749	1717	1656
0	0	0	0	1368	564	15728	-349	72	90	2184	1748	1716	1654
0	0	0	0	1392	564	15952	-355	69	87	2185	1749	1717	1656
0	0	0	0	1468	420	15760	-353	69	91	2187	1749	1713	1655
0	0	0	0	1356	548	15684	-368	52	84	2185	1748	1715	1654
0	0	0	0	1468	524	15580	-378	56	92	2185	1744	1717	1653
0	0	0	0	1300	368	15816	-366	83	96	2186	1749	1716	1655
0	0	0	0	1348	464	15800	-362	75	81	2185	1747	1716	1656
0	0	0	0	1388	484	15772	-366	78	88	2186	1749	1717	1656
0	0	0	0	1436	468	15704	-350	70	88	2179	1749	1718	1656
0	0	0	0	1392	508	15848	-365	79	90	2186	1748	1716	1653
0	0	0	0	1352	460	15868	-360	71	95	2186	1749	1716	1655
0	0	0	0	1420	508	15732	-365	63	92	2184	1750	1719	1655
0	0	0	0	1396	476	15768	-370	66	104	2193	1749	1718	1657
0	0	0	0	1400	552	15744	-353	71	98	2186	1751	1719	1656
0	0	0	0	1364	596	15704	-352	65	93	2187	1750	1718	1655
0	0	0	0	1404	516	15732	-364	62	87	2185	1744	1717	1655
0	0	0	0	1352	456	15724	-361	68	80	2187	1749	1718	1655
0	0	0	0	1420	444	15712	-354	66	86	2186	1750	1716	1656
0	0	0	0	1432	432	15752	-367	62	92	2185	1749	1716	1653
0	0	0	0	1496	496	15604	-357	53	82	2186	1748	1715	1656
0	0	0	0	1380	480	15864	-351	67	92	2185	1749	1717	1656
0	0	0	0	1408	444	15896	-351	57	100	2187	1754	1718	1657
0	0	0	0	1344	416	15840	-355	78	85	2186	1750	1717	1656
0	0	0	0	1364	496	15904	-362	70	85	2184	1750	1717	1656
0	0	0	0	1524	556	15676	-360	61	84	2185	1749	1717	1655
0	0	0	0	1392	508	15816	-361	66	86	2185	1753	1717	1657
0	0	0	0	1348	432	15740	-357	61	96	2187	1750	1717	1654
0	0	0	0	1444	480	15744	-363	69	89	2186	1749	1716	1655
0	0	0	0	1304	428	15628	-365	68	95	2187	1749	1718	1656
0	0	0	0	1380	448	15712	-374	64	81	2186	1750	1717	1656
0	0	0	0	1460	460	15696	-367	75	84	2184	1749	1717	1655
0	0	0	0	1392	432	15764	-372	73	100	2186	1747	1718	1647
0	0	0	0	1396	496	15844	-363	69	90	2187	1749	1719	1655
0	0	0	0	1368	528	15800	-361	59	99	2185	1749	1716	1654
0	0	0	0	1352	532	15628	-368	71	90	2186	1750	1719	1655
0	0	0	0	1352	552	15872	-363	79	89	2185	1750	1718	1656
0	0	0	0	1424	564	15676	-363	59	84	2185	1748	1716	1656
0	0	0	0	1300	544	15692	-356	65	87	2186	1746	1718	1656
0	0	0	0	1360	576	15804	-367	67	98	2187	1751	1717	1656
0	0	0	0	1432	560	15768	-357	55	101	2186	1751	1717	1657
0	0	0	0	1316	420	15800	-359	65	89	2186	1749	1718	1656
0	0	0	0	1332	500	15760	-360	69	89	2185	1750	1717	1656
0	0	0	0	1356	552	15704	-361	59	88	2184	1749	1716	1653
0	0	0	0	1432	488	15832	-367	59	96	2186	1751	1718	1657
0	0	0	0	1476	444	15736	-354	58	91	2186	1749	1716	1655
0	0	0	0	1488	432	15708	-339	79	89	2185	1748	1717	1655
0	0	0	0	1356	508	15752	-358	71	86	2187	1750	1718	1655
0	0	0	0	1316	436	15960	-367	63	87	2185	1749	1726	1655
0	0	0	0	1408	532	15732	-352	56	99	2184	1750	1717	1653
0	0	0	0	1452	500	15580	-369	70	100	2185	1743	1718	1655
0	0	0	0	1388	648	15712	-353	60	85	2186	1751	1717	1655
0	0	0	0	1404	472	15720	-369	66	82	2185	1747	1716	1655
0	0	0	0	1412	568	15768	-372	65	86	2185	1748	1718	1655
0	0	0	0	1332	560	15700	-366	71	100	2186	1750	1717	1655
0	0	0	0	1396	552	15760	-360	61	90	2185	1749	1715	1653
0	0	0	0	1424	440	15840	-368	65	96	2185	1751	1722	1656
0	0	0	0	1440	556	15764	-355	62	82	2185	1748	1717	1654
0	0	0	0	1424	396	15820	-359	67	81	2185	1748	1716	1654
0	0	0	0	1320	568	15564	-362	64	85	2187	1749	1717	1655
0	0	0	0	1408	500	15840	-364	62	90	2185	1745	1717	1653
0	0	0	0	1448	488	15776	-364	77	84	2184	1748	1716	1655
0	0	0	0	1392	464	15676	-363	67	83	2185	1750	1717	1665
0	0	0	0	1408	452	15832	-359	70	95	2186	1750	1713	1656
0	0	0	0	1368	564	15728	-360	70	78	2188	1748	1718	1655
0	0	0	0	1392	472	15760	-361	73	85	2185	1748	1717	1655
0	0	0	0	1356	532	15724	-362	69	88	2185	1749	1717	1656
0	0	0	0	1368	664	15744	-359	66	88	2184	1749	1713	1653
0	0	0	0	1372	520	15764	-362	60	92	2185	1749	1717	1656
0	0	0	0	1468	564	15656	-351	65	90	2185	1748	1718	1655
0	0	0	0	1424	536	15824	-369	73	91	2185	1749	1716	1654
0	0	0	0	1464	532	15792	-361	63	91	2186	1749	1717	1653
0	0	0	0	1440	500	15720	-353	68	93	2184	1748	1718	1655
0	0	0	0	1440	384	15692	-360	71	86	2184	1748	1715	1655
0	0	0	0	1504	444	15644	-355	66	87	2185	1750	1717	1654
0	0	0	0	1364	488	15772	-365	72	92	2186	1750	1717	1655
0	0	0	0	1440	436	15636	-358	60	91	2185	1747	1715	1655
0	0	0	0	1332	448	15840	-357	67	95	2186	1748	1718	1655
0	0	0	0	1280	528	15768	-365	66	86	2185	1749	1716	1656
0	0	0	0	1448	468	15880	-367	71	81	2184	1749	1716	1654
0	0	0	0	1384	604	15688	-361	56	85	2185	1750	1716	1656
0	0	0	0	1484	564	15792	-367	65	89	2185	1749	1717	1654
0	0	0	0	1372	540	15872	-359	74	90	2185	1744	1716	1654
0	0	0	0	1400	564	15828	-356	67	97	2186	1749	1717	1656
0	0	0	0	1356	496	15692	-357	50	97	2185	1750	1717	1656
0	0	0	0	1328	508	15672	-360	83	91	2185	1745	1717	1655
0	0	0	0	1440	464	15804	-351	81	74	2185	1749	1717	1655
0	0	0	0	1460	456	15720	-372	68	79	2185	1750	1716	1657
0	0	0	0	1368	452	15648	-352	60	92	2185	1747	1716	1656
0	0	0	0	1484	496	15836	-360	60	101	2185	1749	1713	1655
0	0	0	0	1324	544	15836	-364	68	93	2187	1749	1716	1656
0	0	0	0	1384	516	15736	-354	61	91	2185	1749	1715	1657
0	0	0	0	1368	596	15744	-359	72	82	2186	1751	1718	1657
0	0	0	0	1428	432	15872	-359	68	93	2186	1749	1717	1655
0	0	0	0	1436	496	15852	-364	58	85	2186	1749	1724	1655
0	0	0	0	1360	444	15868	-357	57	87	2187	1750	1719	1655
0	0	0	0	1436	572	15824	-354	67	102	2185	1749	1718	1653
0	0	0	0	1464	552	15916	-354	71	81	2185	1749	1716	1655
0	0	0	0	1396	428	15820	-364	62	90	2185	1750	1718	1657
0	0	0	0	1392	584	15776	-364	66	96	2185	1746	1717	1655
0	0	0	0	1324	504	15800	-361	67	103	2185	1749	1718	1657
0	0	0	0	1416	528	15956	-359	63	81	2186	1749	1717	1656
0	0	0	0	1372	392	15760	-358	59	80	2183	1750	1717	1656
0	0	0	0	1296	560	15760	-351	62	96	2186	1750	1716	1655
0	0	0	0	1424	528	15696	-356	63	88	2185	1750	1717	1658
0	0	0	0	1404	412	15504	-351	65	88	2185	1749	1718	1656
0	0	0	0	1460	496	15764	-356	72	93	2186	1749	1717	1655
0	0	0	0	1440	376	15672	-348	75	98	2187	1746	1717	1656
0	0	0	0	1360	572	15664	-364	66	84	2185	1749	1718	1655
0	0	0	0	1392	584	15704	-364	60	85	2184	1748	1715	1655
0	0	0	0	1324	404	15828	-372	78	88	2185	1750	1718	1656
0	0	0	0	1444	508	15656	-369	80	80	2185	1749	1716	1652
0	0	0	0	1368	572	15768	-364	66	87	2185	1747	1717	1655
0	0	0	0	1372	472	15676	-355	66	93	2187	1749	1718	1655
0	0	0	0	1248	480	15692	-368	72	88	2187	1750	1717	1657
0	0	0	0	1288	500	15736	-363	59	84	2186	1749	1716	1653
0	0	0	0	1360	516	15780	-374	66	93	2188	1750	1717	1656
0	0	0	0	1356	540	15972	-376	66	89	2186	1750	1711	1656
0	0	0	0	1424	472	15880	-358	74	89	2187	1750	1717	1653
0	0	0	0	1352	372	15668	-354	61	86	2187	1750	1718	1656
0	0	0	0	1396	492	15804	-373	54	78	2188	1749	1717	1657
0	0	0	0	1312	636	15896	-354	57	99	2186	1749	1717	1656
0	0	0	0	1380	500	15644	-358	66	93	2185	1751	1718	1657
0	0	0	0	1404	320	15768	-358	68	76	2186	1751	1717	1657
0	0	0	0	1324	520	15736	-361	64	73	2190	1750	1719	1655
0	0	0	0	1388	616	15776	-347	63	82	2186	1750	1718	1656
0	0	0	0	1520	696	16404	-322	91	107	2189	1750	1717	1657
0	0	0	0	1256	300	16064	-319	87	82	2188	1749	1718	1656
0	0	0	0	1360	540	15476	-345	92	74	2188	1754	1718	1657
0	0	0	0	1464	500	15700	-345	53	94	2183	1746	1718	1655
0	0	0	0	1348	316	15724	-363	91	65	2185	1749	1717	1655
0	0	0	0	1340	468	15688	-353	65	82	2190	1750	1718	1656
0	0	0	0	1532	580	15820	-364	72	81	2186	1749	1718	1655
0	0	0	0	1096	856	15160	-409	33	80	2184	1749	1717	1656
0	0	0	0	1516	796	15660	-385	17	98	2187	1750	1717	1656
