0	0	0	0	1220	384	15932	-357	75	93	2116	1684	1747	1687
0	0	0	0	1128	584	15552	-365	68	78	2114	1685	1747	1684
0	0	0	0	1196	504	15728	-361	73	104	2116	1684	1752	1687
0	0	0	0	1032	460	15804	-357	69	97	2118	1685	1748	1686
0	0	0	0	1040	544	15796	-355	70	96	2115	1685	1747	1683
0	0	0	0	868	520	15812	-358	67	88	2116	1685	1748	1688
0	0	0	0	868	532	15908	-346	66	89	2116	1685	1749	1689
0	0	0	0	948	460	15752	-350	72	98	2116	1689	1749	1687
0	0	0	0	972	424	15772	-354	68	96	2117	1685	1748	1687
0	0	0	0	916	488	15760	-360	72	86	2118	1685	1748	1688
0	0	0	0	968	512	15828	-366	68	80	2117	1684	1749	1687
0	0	0	0	1048	512	15936	-356	82	89	2117	1686	1748	1688
0	0	0	0	1044	556	15712	-356	60	75	2117	1681	1747	1689
0	0	0	0	1008	432	15580	-356	70	97	2117	1684	1749	1687
0	0	0	0	1160	472	15728	-351	58	86	2116	1687	1748	1688
0	0	0	0	1032	492	15608	-373	69	89	2118	1682	1748	1687
0	0	0	0	960	532	15704	-369	64	93	2119	1686	1747	1693
0	0	0	0	1064	584	15796	-362	55	92	2115	1686	1748	1688
0	0	0	0	1028	472	15788	-352	65	93	2116	1687	1748	1688
0	0	0	0	1052	572	15692	-356	50	88	2115	1686	1746	1687
0	0	0	0	944	568	15680	-355	59	95	2117	1685	1749	1687
0	0	0	0	984	572	15940	-360	72	90	2116	1684	1748	1688
0	0	0	0	996	612	15956	-361	59	92	2116	1684	1745	1687
0	0	0	0	1016	552	15840	-364	74	86	2115	1685	1748	1684
0	0	0	0	988	472	15824	-351	65	82	2117	1686	1747	1688
0	0	0	0	1020	476	15676	-360	71	86	2116	1686	1747	1688
0	0	0	0	912	508	15740	-362	75	95	2117	1686	1749	1685
0	0	0	0	960	540	15700	-361	67	102	2118	1685	1748	1687
0	0	0	0	1048	488	15640	-366	57	89	2116	1685	1747	1687
0	0	0	0	1012	564	15812	-346	61	94	2115	1685	1748	1687
0	0	0	0	984	520	15792	-360	74	85	2111	1683	1749	1688
0	0	0	0	1108	460	15660	-367	52	90	2116	1686	1749	1687
0	0	0	0	1128	504	15780	-365	66	95	2118	1685	1750	1689
0	0	0	0	1008	528	15844	-357	79	96	2116	1685	1749	1687
0	0	0	0	1068	540	15812	-358	68	96	2117	1685	1747	1687
0	0	0	0	1008	588	15788	-350	61	94	2115	1686	1748	1686
0	0	0	0	1056	480	15956	-368	59	87	2116	1685	1747	1690
0	0	0	0	976	544	15744	-352	69	92	2116	1677	1748	1687
0	0	0	0	1104	492	15652	-361	57	90	2116	1687	1748	1687
0	0	0	0	1028	428	15840	-357	62	92	2118	1685	1749	1687
0	0	0	0	1016	568	15752	-355	61	86	2117	1685	1748	1687
0	0	0	0	988	428	15904	-369	68	89	2116	1686	1745	1688
0	0	0	0	1040	496	15736	-361	60	92	2115	1687	1749	1687
0	0	0	0	948	396	15652	-361	53	93	2117	1686	1747	1687
0	0	0	0	1008	476	15728	-356	59	92	2118	1686	1746	1687
0	0	0	0	1040	520	16028	-351	51	90	2115	1686	1749	1687
0	0	0	0	940	536	15536	-361	69	87	2117	1682	1744	1686
0	0	0	0	1116	540	15864	-364	59	95	2116	1686	1747	1687
0	0	0	0	1032	412	15796	-357	43	98	2115	1685	1747	1685
0	0	0	0	1072	584	15652	-357	73	96	2116	1685	1748	1687
0	0	0	0	1152	436	15644	-372	58	96	2117	1686	1747	1687
0	0	0	0	1060	448	15764	-361	64	84	2117	1685	1748	1686
0	0	0	0	1028	532	15692	-365	81	97	2112	1683	1748	1685
0	0	0	0	1024	532	15812	-364	61	108	2115	1684	1748	1687
0	0	0	0	1112	508	15460	-359	67	90	2115	1685	1749	1687
0	0	0	0	944	448	15876	-356	52	88	2116	1683	1747	1686
0	0	0	0	1012	440	15788	-366	73	96	2116	1685	1748	1689
0	0	0	0	1036	472	15872	-355	69	92	2116	1684	1749	1687
0	0	0	0	968	516	15720	-369	70	88	2115	1684	1749	1686
0	0	0	0	956	612	15752	-368	68	88	2116	1680	1747	1687
0	0	0	0	1012	536	15720	-369	71	79	2116	1685	1747	1687
0	0	0	0	1044	644	15692	-360	58	89	2116	1684	1747	1686
0	0	0	0	1076	584	15672	-358	72	89	2117	1686	1748	1687
0	0	0	0	1024	556	15860	-358	75	86	2118	1684	1745	1686
0	0	0	0	1072	564	15824	-357	70	85	2116	1685	1748	1687
0	0	0	0	1032	464	15664	-370	66	96	2116	1685	1748	1687
0	0	0	0	1004	596	15740	-354	68	87	2115	1686	1745	1687
0	0	0	0	1024	620	15808	-361	81	90	2112	1685	1747	1687
0	0	0	0	1048	524	15740	-365	71	95	2117	1685	1749	1687
0	0	0	0	1036	536	16044	-357	68	87	2116	1683	1749	1687
0	0	0	0	984	468	15752	-359	72	90	2115	1684	1749	1683
0	0	0	0	1020	492	15916	-373	79	89	2115	1685	1748	1687
0	0	0	0	1048	552	15824	-357	66	86	2115	1685	1747	1688
0	0	0	0	1116	516	15812	-355	75	93	2117	1685	1746	1687
0	0	0	0	1128	480	15764	-360	57	93	2111	1691	1747	1687
0	0	0	0	1072	456	15636	-365	68	83	2117	1685	1747	1686
0	0	0	0	1036	496	15660	-354	64	88	2116	1685	1746	1686
0	0	0	0	972	520	15704	-367	74	92	2120	1684	1748	1687
0	0	0	0	948	436	15708	-366	57	91	2115	1684	1748	1686
0	0	0	0	1028	520	15712	-363	74	92	2115	1685	1747	1686
0	0	0	0	1080	464	15740	-371	73	88	2122	1685	1748	1687
0	0	0	0	996	584	15856	-370	74	100	2115	1682	1747	1687
0	0	0	0	1044	476	15796	-367	62	90	2115	1684	1748	1687
0	0	0	0	928	552	15812	-359	70	83	2116	1685	1747	1686
0	0	0	0	1132	464	15688	-356	59	81	2116	1684	1747	1688
0	0	0	0	956	544	15772	-356	66	88	2115	1685	1746	1688
0	0	0	0	1004	496	15764	-361	60	98	2117	1687	1748	1688
0	0	0	0	988	584	15760	-351	59	93	2116	1685	1748	1687
0	0	0	0	1100	500	15848	-355	57	97	2116	1685	1745	1687
0	0	0	0	1008	472	15872	-370	80	90	2118	1686	1750	1687
0	0	0	0	940	520	15872	-351	56	88	2116	1684	1749	1688
0	0	0	0	1056	536	15772	-362	52	87	2116	1686	1748	1687
0	0	0	0	1000	524	15676	-364	68	91	2115	1686	1750	1686
0	0	0	0	976	484	15828	-366	64	96	2116	1684	1748	1688
0	0	0	0	1056	568	15748	-359	54	100	2116	1687	1747	1688
0	0	0	0	960	548	15800	-357	66	86	2116	1685	1748	1687
0	0	0	0	912	564	15804	-355	63	90	2116	1685	1747	1687
0	0	0	0	948	428	15912	-360	67	88	2116	1685	1748	1690
0	0	0	0	936	452	15740	-361	58	86	2110	1686	1749	1687
0	0	0	0	1068	428	15880	-355	62	84	2113	1683	1747	1687
0	0	0	0	1088	464	15728	-368	73	86	2116	1685	1748	1686
0	0	0	0	920	480	15756	-353	68	78	2117	1685	1749	1688
0	0	0	0	976	476	15904	-352	73	100	2115	1686	1749	1688
0	0	0	0	1008	432	15784	-354	71	104	2118	1681	1747	1687
0	0	0	0	1048	480	15792	-362	60	90	2118	1686	1747	1698
0	0	0	0	1008	432	15892	-359	59	82	2116	1684	1750	1687
0	0	0	0	984	380	15876	-357	65	88	2116	1682	1749	1687
0	0	0	0	1048	576	15792	-357	64	85	2116	1686	1748	1688
0	0	0	0	940	492	15900	-367	74	99	2117	1687	1747	1687
0	0	0	0	924	492	15900	-356	64	94	2117	1685	1748	1688
0	0	0	0	1024	448	15744	-358	74	85	2116	1688	1745	1688
0	0	0	0	976	540	15748	-363	70	84	2116	1686	1748	1687
0	0	0	0	980	432	15624	-363	70	92	2118	1685	1747	1685
0	0	0	0	1068	436	15844	-362	60	90	2115	1686	1747	1688
0	0	0	0	1060	564	15872	-369	51	93	2115	1687	1748	1684
0	0	0	0	988	504	15808	-345	68	98	2116	1686	1749	1687
0	0	0	0	1036	460	15756	-350	70	97	2117	1687	1749	1690
0	0	0	0	1048	548	15752	-360	71	96	2117	1684	1749	1683
0	0	0	0	948	532	15860	-360	72	96	2116	1685	1749	1687
0	0	0	0	940	604	15772	-363	69	86	2117	1685	1749	1688
0	0	0	0	1020	520	15832	-367	56	81	2116	1685	1748	1689
0	0	0	0	1012	628	15700	-369	64	92	2113	1683	1748	1689
0	0	0	0	1016	488	15752	-347	72	83	2117	1687	1748	1688
0	0	0	0	1052	452	15852	-351	69	92	2118	1685	1748	1686
0	0	0	0	1100	640	15732	-355	70	90	2116	1685	1748	1687
0	0	0	0	996	576	15804	-361	66	94	2115	1680	1747	1687
0	0	0	0	1008	532	15748	-373	73	95	2115	1685	1748	1687
0	0	0	0	1100	508	15736	-370	74	90	2115	1685	1747	1687
0	0	0	0	1044	508	15792	-358	72	86	2112	1681	1747	1687
0	0	0	0	1072	488	15796	-358	67	88	2115	1682	1749	1686
0	0	0	0	1112	436	15720	-369	63	101	2116	1686	1748	1687
0	0	0	0	1052	444	15764	-353	60	83	2116	1686	1747	1687
0	0	0	0	1020	456	15692	-351	71	88	2116	1684	1744	1688
0	0	0	0	1020	544	15912	-373	69	100	2116	1685	1748	1686
0	0	0	0	964	620	15772	-364	60	93	2118	1685	1747	1687
0	0	0	0	1004	536	15800	-356	57	92	2117	1692	1747	1686
0	0	0	0	1084	520	15840	-356	62	87	2115	1685	1748	1687
0	0	0	0	1188	540	15744	-356	76	101	2112	1685	1749	1687
0	0	0	0	1008	540	15800	-362	64	90	2115	1686	1747	1686
0	0	0	0	984	496	15712	-368	69	92	2116	1686	1747	1684
0	0	0	0	1072	480	15684	-362	76	91	2117	1686	1749	1688
0	0	0	0	984	428	15780	-370	74	100	2117	1685	1749	1687
0	0	0	0	1000	484	15840	-353	76	87	2116	1684	1748	1687
0	0	0	0	1048	420	15760	-361	62	94	2111	1685	1747	1687
0	0	0	0	1112	608	15720	-355	71	80	2116	1685	1746	1689
0	0	0	0	1004	536	15752	-359	57	90	2115	1684	1748	1686
0	0	0	0	1096	400	15768	-349	63	84	2115	1687	1747	1687
0	0	0	0	1028	392	15848	-355	64	83	2118	1685	1747	1686
0	0	0	0	1044	464	15848	-360	61	86	2115	1685	1748	1686
0	0	0	0	1028	512	15728	-360	61	93	2115	1686	1748	1687
0	0	0	0	996	480	15708	-356	61	96	2114	1680	1747	1688
0	0	0	0	1040	380	15800	-363	67	93	2115	1685	1747	1686
0	0	0	0	1056	448	15856	-351	80	92	2117	1686	1747	1685
0	0	0	0	1036	540	15684	-363	63	94	2116	1684	1748	1687
0	0	0	0	1040	580	15964	-360	69	96	2116	1685	1745	1687
0	0	0	0	1056	564	15920	-356	47	92	2115	1686	1748	1687
0	0	0	0	960	536	15816	-377	68	96	2117	1685	1747	1686
0	0	0	0	1128	548	15856	-357	68	95	2117	1685	1745	1687
0	0	0	0	984	452	15736	-347	52	95	2114	1686	1748	1686
0	0	0	0	1092	388	15724	-368	70	89	2117	1685	1748	1687
0	0	0	0	1096	568	15980	-357	68	91	2115	1686	1748	1686
0	0	0	0	1004	556	15680	-359	69	89	2115	1685	1747	1684
0	0	0	0	1148	508	15808	-352	66	95	2115	1685	1747	1687
0	0	0	0	996	460	15648	-357	75	93	2115	1686	1748	1686
0	0	0	0	1072	528	15924	-354	62	90	2113	1685	1748	1687
0	0	0	0	976	540	15864	-357	68	89	2107	1683	1749	1687
0	0	0	0	956	516	15768	-340	63	87	2115	1693	1749	1687
0	0	0	0	972	580	15784	-355	68	90	2116	1686	1748	1687
0	0	0	0	1060	504	15644	-353	66	84	2113	1684	1748	1688
0	0	0	0	964	528	15908	-342	60	104	2117	1685	1748	1688
0	0	0	0	1028	608	15896	-360	62	76	2115	1685	1749	1681
0	0	0	0	1120	456	15812	-353	60	95	2118	1685	1748	1687
0	0	0	0	976	492	15696	-357	63	95	2118	1682	1747	1688
0	0	0	0	1012	588	15848	-363	63	89	2116	1686	1748	1687
0	0	0	0	1004	540	15712	-365	62	96	2115	1686	1749	1687
0	0	0	0	980	632	15724	-356	65	84	2116	1686	1748	1687
0	0	0	0	1024	576	15808	-365	59	78	2117	1685	1746	1687
0	0	0	0	1020	528	15840	-358	72	85	2117	1687	1749	1688
0	0	0	0	1156	564	15840	-363	50	85	2116	1685	1748	1688
0	0	0	0	1092	500	15816	-352	69	97	2116	1685	1745	1688
0	0	0	0	1036	544	15776	-361	58	91	2116	1685	1747	1688
0	0	0	0	988	484	15812	-363	76	86	2116	1685	1749	1688
0	0	0	0	1032	556	15748	-367	66	90	2117	1688	1748	1688
0	0	0	0	988	528	15640	-363	68	95	2115	1686	1749	1679
0	0	0	0	1096	484	15668	-357	61	109	2116	1686	1749	1688
0	0	0	0	1036	636	15812	-363	55	86	2116	1686	1749	1688
0	0	0	0	1124	492	15804	-362	60	81	2116	1686	1749	1688
0	0	0	0	1044	520	15928	-369	67	92	2116	1683	1748	1687
0	0	0	0	1104	508	15696	-361	72	84	2118	1686	1749	1689
0	0	0	0	928	460	15772	-357	66	84	2117	1683	1745	1688
0	0	0	0	1056	420	15760	-371	62	93	2112	1685	1749	1687
0	0	0	0	912	436	15628	-357	70	90	2116	1686	1748	1688
0	0	0	0	1112	488	15780	-364	64	90	2116	1685	1747	1688
0	0	0	0	1116	480	15832	-353	54	89	2116	1685	1747	1687
0	0	0	0	1068	556	15772	-362	74	88	2116	1682	1747	1688
0	0	0	0	1044	540	15816	-359	64	97	2118	1685	1748	1686
0	0	0	0	944	512	15864	-357	62	84	2118	1685	1749	1687
0	0	0	0	1012	456	15852	-360	54	95	2116	1685	1748	1687
0	0	0	0	956	556	15748	-359	63	84	2115	1683	1749	1688
0	0	0	0	1016	472	15804	-354	74	87	2116	1686	1748	1687
0	0	0	0	1052	544	15652	-354	62	92	2118	1686	1749	1688
0	0	0	0	992	448	15836	-363	74	100	2111	1685	1746	1687
0	0	0	0	1068	428	15792	-344	59	90	2116	1685	1747	1688
0	0	0	0	988	460	15804	-358	57	93	2117	1686	1747	1687
0	0	0	0	1004	552	15760	-364	74	90	2117	1686	1748	1688
0	0	0	0	1036	520	15696	-351	66	88	2115	1684	1748	1684
0	0	0	0	1012	528	15780	-371	63	86	2116	1686	1747	1686
0	0	0	0	972	484	15888	-355	68	91	2114	1686	1749	1691
0	0	0	0	1020	600	15868	-360	66	93	2116	1684	1749	1684
0	0	0	0	1044	420	15664	-348	60	78	2116	1685	1747	1686
0	0	0	0	896	452	15752	-366	69	99	2115	1684	1749	1688
0	0	0	0	1024	568	15816	-350	67	91	2115	1686	1748	1686
0	0	0	0	996	476	15820	-354	61	80	2112	1683	1748	1686
0	0	0	0	960	476	15916	-358	73	97	2116	1684	1747	1686
0	0	0	0	1044	516	15824	-364	61	94	2115	1684	1747	1686
0	0	0	0	1044	548	15716	-366	65	102	2117	1685	1748	1687
0	0	0	0	1096	456	15832	-359	66	93	2116	1681	1747	1688
0	0	0	0	1060	552	15864	-362	68	95	2116	1679	1747	1686
0	0	0	0	1100	584	15896	-359	62	101	2115	1684	1748	1687
0	0	0	0	1108	532	15816	-351	66	93	2117	1681	1748	1687
0	0	0	0	1004	584	15764	-358	73	85	2116	1685	1747	1687
0	0	0	0	1144	516	15756	-345	59	92	2115	1686	1747	1687
0	0	0	0	1072	508	15844	-356	70	98	2115	1686	1748	1686
0	0	0	0	1052	608	15832	-362	74	88	2116	1684	1745	1687
0	0	0	0	940	508	15652	-353	71	90	2117	1685	1747	1685
0	0	0	0	988	532	15924	-355	65	91	2116	1683	1748	1687
0	0	0	0	1040	532	15752	-352	75	92	2115	1684	1748	1686
0	0	0	0	952	468	15740	-350	65	99	2115	1684	1748	1683
0	0	0	0	1012	456	15860	-363	62	89	2116	1685	1748	1688
0	0	0	0	1068	452	15812	-359	63	85	2116	1685	1747	1687
0	0	0	0	1004	396	15888	-355	66	99	2116	1687	1748	1684
0	0	0	0	1032	484	15736	-361	67	96	2117	1685	1747	1686
0	0	0	0	1072	604	15720	-360	66	87	2116	1685	1747	1686
0	0	0	0	1104	556	15856	-349	56	93	2115	1684	1747	1687
0	0	0	0	992	568	15808	-364	63	100	2111	1686	1748	1686
0	0	0	0	1028	468	15848	-356	56	94	2116	1685	1748	1687
0	0	0	0	1040	360	15672	-358	74	92	2116	1685	1749	1687
0	0	0	0	988	408	15676	-358	63	101	2116	1684	1748	1687
0	0	0	0	976	448	15788	-352	50	102	2116	1685	1747	1689
0	0	0	0	1044	560	15772	-362	68	93	2115	1684	1748	1686
0	0	0	0	972	520	15808	-359	81	98	2116	1685	1748	1687
0	0	0	0	1016	596	15892	-349	67	92	2116	1680	1747	1687
0	0	0	0	988	488	15928	-363	74	90	2116	1685	1748	1687
0	0	0	0	1004	496	15812	-354	67	99	2119	1685	1748	1686
0	0	0	0	1156	600	15632	-348	79	90	2117	1685	1748	1687
0	0	0	0	944	524	15740	-356	71	86	2115	1687	1746	1688
0	0	0	0	1004	496	15804	-357	68	90	2114	1685	1748	1687
0	0	0	0	1056	532	15776	-355	60	94	2116	1686	1751	1687
0	0	0	0	1052	608	15728	-366	65	82	2117	1686	1747	1688
0	0	0	0	980	460	15784	-356	72	90	2115	1680	1749	1687
0	0	0	0	1028	556	15884	-351	77	90	2117	1685	1748	1687
0	0	0	0	1052	684	15820	-366	64	99	2116	1687	1748	1687
0	0	0	0	1060	560	15800	-358	73	88	2115	1685	1746	1686
0	0	0	0	1020	484	15736	-360	64	75	2116	1685	1748	1688
0	0	0	0	972	552	15896	-358	68	92	2110	1686	1749	1687
0	0	0	0	972	524	15812	-353	67	79	2116	1686	1749	1687
0	0	0	0	960	520	15628	-359	63	90	2113	1683	1748	1687
0	0	0	0	1012	472	15888	-356	66	92	2115	1685	1747	1688
0	0	0	0	1044	504	15792	-363	66	85	2115	1687	1749	1687
0	0	0	0	1044	488	15772	-352	67	96	2111	1686	1749	1686
0	0	0	0	1024	496	15836	-349	77	92	2117	1687	1749	1690
0	0	0	0	992	464	15900	-358	69	94	2119	1684	1748	1687
0	0	0	0	1036	480	15804	-355	65	91	2117	1685	1748	1688
0	0	0	0	1064	468	15728	-359	74	94	2116	1679	1747	1687
0	0	0	0	1076	484	15616	-350	58	91	2117	1686	1747	1689
0	0	0	0	932	444	15888	-350	60	93	2117	1685	1748	1689
0	0	0	0	1032	496	15724	-362	65	91	2117	1687	1748	1688
0	0	0	0	1028	560	15772	-351	76	87	2119	1685	1745	1687
0	0	0	0	944	476	15888	-357	79	89	2124	1686	1749	1687
0	0	0	0	940	496	15816	-357	49	90	2116	1686	1749	1688
0	0	0	0	956	436	15816	-367	62	96	2111	1684	1745	1689
0	0	0	0	868	572	15796	-362	60	91	2115	1686	1748	1686
0	0	0	0	1076	452	15748	-356	63	102	2117	1686	1750	1688
0	0	0	0	908	476	15708	-361	66	79	2115	1687	1749	1685
0	0	0	0	1080	400	15776	-362	71	93	2115	1685	1748	1685
0	0	0	0	972	396	15732	-358	60	91	2116	1685	1741	1687
0	0	0	0	1020	492	15768	-354	57	79	2116	1686	1747	1688
0	0	0	0	1088	424	15800	-346	61	82	2116	1684	1749	1688
0	0	0	0	996	540	15832	-355	57	86	2112	1686	1748	1687
0	0	0	0	1032	472	15836	-357	62	91	2120	1685	1748	1686
0	0	0	0	1032	628	15812	-364	71	94	2115	1686	1748	1686
0	0	0	0	976	568	15700	-365	62	82	2112	1685	1748	1687
0	0	0	0	1024	468	15820	-353	62	96	2117	1686	1748	1687
0	0	0	0	1084	596	15780	-356	63	94	2115	1686	1748	1687
0	0	0	0	964	544	15796	-371	68	102	2118	1686	1750	1689
0	0	0	0	940	488	15776	-357	73	91	2116	1679	1747	1687
0	0	0	0	1040	508	15708	-361	63	88	2116	1684	1748	1686
0	0	0	0	1072	436	15820	-358	73	94	2115	1685	1747	1687
0	0	0	0	944	468	15616	-370	56	82	2117	1685	1747	1687
0	0	0	0	1140	508	15816	-352	70	88	2116	1684	1748	1687
0	0	0	0	992	444	15728	-359	77	92	2117	1685	1748	1687
0	0	0	0	984	588	15792	-361	65	86	2115	1685	1749	1689
0	0	0	0	1032	568	15652	-358	72	89	2116	1684	1744	1686
0	0	0	0	1008	524	15816	-354	55	93	2115	1686	1747	1687
0	0	0	0	956	516	15852	-359	64	100	2115	1686	1748	1687
0	0	0	0	1096	488	15756	-365	75	94	2114	1686	1747	1686
0	0	0	0	1108	488	15756	-357	61	101	2115	1686	1750	1683
0	0	0	0	1020	492	15748	-368	81	84	2116	1685	1748	1687
0	0	0	0	1024	524	15812	-366	69	104	2115	1687	1747	1687
0	0	0	0	1172	584	15712	-357	68	80	2115	1686	1747	1687
0	0	0	0	980	544	15660	-354	64	98	2116	1685	1746	1686
0	0	0	0	1052	496	15752	-353	67	87	2116	1684	1747	1686
0	0	0	0	1056	576	15760	-354	68	85	2117	1686	1748	1687
0	0	0	0	960	552	15728	-351	63	75	2112	1686	1747	1687
0	0	0	0	1092	540	15760	-348	53	93	2116	1685	1747	1687
0	0	0	0	1008	456	15908	-369	60	94	2116	1686	1747	1687
0	0	0	0	1104	596	15664	-362	63	87	2115	1686	1747	1688
0	0	0	0	960	548	15892	-360	68	90	2116	1682	1747	1686
0	0	0	0	1084	480	15792	-360	76	100	2117	1686	1749	1687
0	0	0	0	1004	484	15744	-362	74	89	2116	1680	1749	1687
0	0	0	0	1088	456	15720	-351	73	96	2116	1680	1748	1686
0	0	0	0	1008	648	15696	-351	65	98	2116	1685	1748	1685
0	0	0	0	956	516	15928	-370	68	88	2116	1684	1747	1687
0	0	0	0	1064	460	15796	-348	54	100	2116	1685	1748	1686
0	0	0	0	1036	568	15800	-357	71	99	2117	1686	1744	1688
0	0	0	0	972	528	15964	-366	68	85	2116	1685	1748	1686
0	0	0	0	1020	448	15680	-365	63	93	2116	1685	1749	1687
0	0	0	0	1064	480	15856	-360	56	101	2115	1685	1749	1687
0	0	0	0	968	552	15724	-355	65	81	2115	1684	1749	1683
0	0	0	0	1024	492	15856	-352	54	95	2114	1686	1747	1687
0	0	0	0	964	496	15748	-349	56	94	2118	1686	1748	1686
0	0	0	0	1044	556	15764	-364	62	86	2116	1684	1748	1683
0	0	0	0	1012	440	15752	-361	67	97	2115	1685	1748	1687
0	0	0	0	1068	504	15744	-352	70	94	2116	1685	1748	1687
0	0	0	0	1052	504	15928	-363	71	98	2115	1685	1748	1688
0	0	0	0	996	512	15712	-363	69	97	2112	1685	1748	1700
0	0	0	0	996	576	15876	-361	67	86	2118	1686	1749	1688
0	0	0	0	1100	520	15784	-346	72	86	2118	1685	1748	1686
0	0	0	0	1056	440	15756	-353	74	93	2116	1686	1748	1687
0	0	0	0	992	476	15828	-354	60	87	2116	1681	1747	1688
0	0	0	0	964	564	15792	-354	67	95	2115	1684	1749	1687
0	0	0	0	1020	492	15820	-357	67	90	2116	1685	1748	1685
0	0	0	0	992	476	15764	-354	77	85	2117	1681	1749	1687
0	0	0	0	956	540	15756	-362	64	93	2117	1684	1748	1688
0	0	0	0	1016	488	15660	-356	60	102	2117	1687	1748	1687
0	0	0	0	1008	492	15744	-361	69	81	2117	1685	1747	1688
0	0	0	0	976	500	15816	-354	66	91	2117	1685	1744	1687
0	0	0	0	960	456	15848	-356	68	96	2116	1686	1750	1689
0	0	0	0	1104	584	15812	-360	64	89	2116	1687	1748	1688
0	0	0	0	1076	488	15828	-360	64	76	2117	1685	1749	1686
0	0	0	0	888	496	15792	-356	58	97	2117	1685	1748	1684
0	0	0	0	1080	500	15792	-358	72	86	2116	1686	1747	1688
0	0	0	0	1104	488	15728	-354	62	90	2115	1687	1748	1687
0	0	0	0	992	588	15812	-359	57	93	2116	1681	1749	1685
0	0	0	0	996	440	15756	-353	53	93	2116	1686	1749	1687
0	0	0	0	1140	480	15840	-360	67	100	2117	1685	1749	1687
0	0	0	0	1000	592	15792	-361	65	102	2117	1688	1745	1688
0	0	0	0	1108	556	15672	-368	70	102	2112	1683	1748	1687
0	0	0	0	1096	468	15800	-354	61	95	2116	1685	1748	1689
0	0	0	0	992	512	15712	-363	67	75	2117	1686	1749	1697
0	0	0	0	956	612	15808	-359	62	80	2118	1686	1749	1687
0	0	0	0	964	404	15860	-357	70	85	2116	1685	1747	1687
0	0	0	0	1084	500	15628	-359	71	92	2116	1685	1749	1687
0	0	0	0	976	424	15872	-358	72	90	2116	1685	1748	1688
0	0	0	0	1088	508	15744	-367	62	87	2115	1683	1747	1687
0	0	0	0	1152	584	15784	-357	74	84	2115	1686	1748	1687
0	0	0	0	1016	520	15888	-364	67	92	2118	1686	1750	1690
0	0	0	0	1040	536	15800	-351	64	92	2116	1684	1750	1687
0	0	0	0	1024	512	15764	-360	76	95	2116	1686	1746	1687
0	0	0	0	1036	524	15844	-365	54	93	2116	1686	1748	1688
0	0	0	0	1004	400	15800	-366	60	91	2117	1685	1747	1688
0	0	0	0	1028	484	15800	-362	54	88	2116	1685	1744	1688
0	0	0	0	1036	460	15712	-359	80	97	2115	1685	1749	1688
0	0	0	0	1008	464	15676	-359	59	97	2115	1686	1748	1687
0	0	0	0	1064	572	15712	-373	66	87	2115	1686	1747	1687
0	0	0	0	1040	432	15516	-352	70	93	2115	1685	1747	1683
0	0	0	0	1056	596	15660	-346	69	96	2115	1686	1748	1686
0	0	0	0	992	476	15740	-351	58	97	2115	1685	1747	1689
0	0	0	0	1116	536	15872	-358	69	92	2116	1685	1748	1689
0	0	0	0	972	516	15868	-362	64	89	2111	1683	1748	1687
0	0	0	0	1076	496	15808	-358	50	91	2115	1685	1748	1686
0	0	0	0	1012	480	15696	-354	64	94	2116	1685	1749	1686
0	0	0	0	984	556	15860	-358	65	92	2112	1685	1747	1686
0	0	0	0	1092	504	15624	-364	74	85	2115	1684	1748	1687
0	0	0	0	1032	464	15756	-354	64	91	2115	1686	1747	1687
0	0	0	0	1136	480	15700	-356	70	97	2118	1685	1747	1687
0	0	0	0	1128	564	15792	-353	64	93	2116	1681	1747	1686
0	0	0	0	1012	508	15760	-355	69	88	2115	1684	1748	1686
0	0	0	0	992	504	15720	-355	70	88	2115	1685	1748	1687
0	0	0	0	1128	512	15900	-356	58	94	2116	1685	1747	1687
0	0	0	0	1044	476	15764	-355	64	90	2117	1686	1749	1687
0	0	0	0	1016	508	15816	-367	70	92	2116	1683	1749	1687
0	0	0	0	1028	596	15828	-361	69	92	2116	1684	1747	1686
0	0	0	0	1024	476	15812	-356	70	80	2116	1685	1745	1687
0	0	0	0	1080	476	15816	-358	69	88	2116	1685	1747	1688
0	0	0	0	1040	448	15820	-360	66	84	2116	1684	1747	1686
0	0	0	0	1036	564	15780	-357	71	106	2115	1685	1749	1686
0	0	0	0	1028	576	15724	-356	56	81	2117	1685	1747	1684
0	0	0	0	1040	564	15756	-359	61	96	2115	1685	1747	1686
0	0	0	0	1060	520	15692	-360	74	82	2115	1686	1747	1687
0	0	0	0	1072	548	15756	-360	65	98	2115	1686	1748	1687
0	0	0	0	1036	496	15780	-360	70	86	2115	1683	1747	1686
0	0	0	0	1148	448	15888	-358	67	89	2118	1685	1748	1688
0	0	0	0	988	524	15816	-365	65	89	2116	1684	1746	1687
0	0	0	0	1080	488	15784	-359	58	83	2111	1683	1747	1687
0	0	0	0	1028	492	15880	-349	59	94	2116	1685	1747	1687
0	0	0	0	1056	524	15696	-375	65	95	2116	1684	1753	1688
0	0	0	0	1044	584	15804	-349	76	96	2116	1684	1748	1687
0	0	0	0	1068	468	15840	-351	63	87	2116	1681	1747	1687
0	0	0	0	1016	516	15696	-350	59	91	2118	1684	1748	1686
0	0	0	0	1036	432	15744	-358	61	90	2115	1684	1747	1687
0	0	0	0	1068	456	15668	-358	67	98	2115	1685	1747	1687
0	0	0	0	904	508	15948	-357	77	97	2115	1683	1748	1687
0	0	0	0	1112	544	15796	-359	79	78	2114	1686	1749	1687
0	0	0	0	976	416	15852	-353	66	89	2117	1685	1748	1687
0	0	0	0	1120	420	15784	-342	83	101	2117	1685	1743	1687
0	0	0	0	1064	508	15700	-359	72	100	2116	1686	1747	1688
0	0	0	0	992	564	15624	-363	69	96	2115	1686	1748	1687
0	0	0	0	972	440	15948	-350	72	89	2117	1699	1748	1686
0	0	0	0	980	528	15776	-357	63	104	2115	1685	1748	1685
0	0	0	0	1020	452	15816	-355	68	92	2116	1687	1748	1688
0	0	0	0	1048	384	15756	-364	71	94	2118	1686	1748	1687
0	0	0	0	996	448	15832	-356	59	85	2117	1685	1747	1687
0	0	0	0	1040	480	15764	-352	60	95	2116	1686	1748	1687
0	0	0	0	1096	524	15716	-351	69	81	2115	1686	1748	1687
0	0	0	0	1012	472	15628	-355	61	104	2117	1685	1749	1688
0	0	0	0	1124	472	15752	-361	70	85	2113	1685	1749	1688
0	0	0	0	956	404	15676	-358	78	94	2117	1684	1747	1687
0	0	0	0	968	508	15816	-361	61	86	2116	1687	1749	1687
0	0	0	0	952	572	15860	-369	77	93	2116	1685	1749	1688
0	0	0	0	1004	600	15912	-358	64	99	2116	1681	1747	1689
0	0	0	0	1064	572	15664	-358	74	90	2116	1684	1748	1687
0	0	0	0	1008	524	15732	-362	57	97	2117	1686	1748	1688
0	0	0	0	1084	496	15744	-371	69	80	2117	1681	1748	1687
0	0	0	0	988	572	15900	-359	75	88	2118	1685	1748	1687
0	0	0	0	1072	524	15648	-353	51	89	2116	1685	1748	1688
0	0	0	0	1088	484	15656	-365	75	89	2116	1685	1748	1688
0	0	0	0	1008	608	15808	-370	76	89	2117	1685	1746	1687
0	0	0	0	976	488	15704	-360	65	92	2113	1686	1748	1687
0	0	0	0	1056	492	15832	-356	60	94	2116	1684	1750	1688
0	0	0	0	1000	512	15840	-365	67	87	2116	1684	1749	1687
0	0	0	0	1044	536	15732	-363	67	93	2117	1686	1748	1684
0	0	0	0	1116	548	15800	-353	53	96	2116	1685	1748	1688
0	0	0	0	1044	520	15804	-352	73	91	2117	1686	1748	1687
0	0	0	0	988	488	15832	-355	71	94	2126	1686	1748	1684
0	0	0	0	1036	496	15836	-362	69	92	2117	1685	1748	1686
0	0	0	0	1048	524	15788	-340	61	89	2117	1685	1749	1687
0	0	0	0	1012	424	15800	-358	68	83	2116	1685	1747	1688
0	0	0	0	920	464	15800	-367	62	95	2110	1686	1749	1688
0	0	0	0	1092	420	15584	-355	67	88	2115	1685	1749	1687
0	0	0	0	988	440	15784	-353	69	85	2117	1686	1748	1687
0	0	0	0	1068	384	15860	-351	69	92	2117	1684	1749	1687
0	0	0	0	1048	560	15796	-363	53	91	2115	1685	1747	1688
0	0	0	0	1036	420	15672	-355	62	88	2117	1685	1747	1686
0	0	0	0	876	584	15788	-356	63	83	2116	1686	1747	1686
0	0	0	0	1084	480	15812	-363	68	95	2116	1680	1747	1687
0	0	0	0	992	496	15840	-350	63	87	2118	1685	1747	1687
0	0	0	0	904	396	15764	-361	68	88	2112	1685	1748	1685
0	0	0	0	948	436	15876	-367	62	88	2111	1685	1747	1687
0	0	0	0	1052	508	15680	-346	64	96	2115	1685	1744	1687
0	0	0	0	1020	512	15624	-355	67	91	2115	1686	1748	1686
0	0	0	0	964	564	15880	-361	74	103	2116	1685	1747	1686
0	0	0	0	1004	384	15892	-372	78	84	2118	1684	1745	1687
0	0	0	0	964	520	15768	-363	80	82	2115	1685	1749	1688
0	0	0	0	1088	560	15628	-361	66	82	2115	1685	1748	1687
0	0	0	0	1128	528	15872	-366	63	98	2116	1686	1747	1687
0	0	0	0	988	552	15792	-357	66	90	2115	1684	1745	1684
0	0	0	0	1048	392	15716	-367	69	103	2116	1684	1749	1686
0	0	0	0	1040	584	15836	-361	58	90	2116	1685	1747	1687
0	0	0	0	1024	484	15748	-360	64	86	2117	1684	1748	1686
0	0	0	0	1056	428	15936	-348	69	93	2112	1683	1747	1687
0	0	0	0	1124	396	15856	-365	65	102	2116	1684	1748	1687
0	0	0	0	940	588	15792	-367	68	92	2114	1685	1749	1687
0	0	0	0	1024	560	15956	-358	76	89	2110	1684	1747	1686
0	0	0	0	1080	520	15900	-359	65	92	2116	1686	1748	1687
0	0	0	0	992	432	15724	-353	64	97	2117	1683	1747	1687
0	0	0	0	952	520	15828	-349	66	90	2115	1684	1749	1686
0	0	0	0	1048	592	15820	-369	56	82	2116	1680	1747	1685
0	0	0	0	1072	564	15676	-361	67	81	2116	1684	1747	1688
0	0	0	0	1076	572	15808	-352	68	99	2115	1685	1748	1687
0	0	0	0	1056	516	15764	-360	66	88	2116	1686	1747	1687
0	0	0	0	1000	608	15844	-356	65	92	2117	1684	1744	1686
0	0	0	0	1080	492	15656	-352	65	99	2115	1684	1748	1686
0	0	0	0	1024	588	15780	-362	62	89	2116	1685	1747	1687
0	0	0	0	1024	596	15716	-354	69	92	2115	1686	1745	1687
0	0	0	0	992	564	15708	-353	72	92	2115	1687	1747	1686
0	0	0	0	992	508	15724	-362	65	85	2112	1685	1748	1686
0	0	0	0	948	596	15756	-370	60	89	2116	1685	1747	1688
0	0	0	0	1016	508	15780	-359	65	93	2115	1684	1748	1683
0	0	0	0	1100	644	15672	-358	64	94	2115	1686	1747	1687
0	0	0	0	980	428	15908	-356	56	103	2116	1683	1746	1688
0	0	0	0	1112	552	15656	-345	75	93	2115	1685	1746	1687
0	0	0	0	1036	452	15636	-350	65	91	2112	1686	1747	1687
0	0	0	0	952	492	15792	-355	70	96	2115	1685	1748	1685
0	0	0	0	1076	476	15792	-362	73	88	2115	1685	1748	1686
0	0	0	0	964	560	15708	-357	65	97	2112	1686	1747	1687
0	0	0	0	940	512	15840	-365	62	93	2115	1685	1749	1688
0	0	0	0	944	496	15808	-349	49	96	2116	1686	1748	1687
0	0	0	0	1120	464	15788	-363	69	93	2117	1686	1749	1689
0	0	0	0	924	536	15624	-366	56	91	2117	1679	1747	1688
0	0	0	0	1056	576	15752	-364	66	95	2116	1684	1748	1686
0	0	0	0	1052	576	15956	-353	74	83	2116	1686	1748	1687
0	0	0	0	1012	520	15808	-352	75	101	2117	1686	1750	1693
0	0	0	0	952	492	15848	-358	67	83	2116	1685	1745	1689
0	0	0	0	1048	496	15820	-371	71	108	2116	1685	1757	1687
0	0	0	0	948	512	15776	-356	66	93	2116	1686	1750	1686
0	0	0	0	1120	496	15808	-360	70	92	2116	1686	1745	1687
0	0	0	0	1048	572	15780	-363	64	89	2115	1686	1748	1688
0	0	0	0	1064	520	15700	-346	67	93	2115	1687	1748	1688
0	0	0	0	1048	496	15728	-363	73	88	2116	1686	1749	1687
0	0	0	0	1020	556	15812	-365	73	98	2117	1686	1750	1683
0	0	0	0	1024	476	15780	-364	60	91	2117	1685	1749	1688
0	0	0	0	1108	468	15752	-358	74	84	2116	1686	1749	1688
0	0	0	0	940	516	15836	-362	68	95	2115	1685	1748	1687
0	0	0	0	1052	528	15772	-359	71	89	2116	1685	1748	1689
0	0	0	0	1052	532	15800	-363	68	92	2116	1685	1748	1687
0	0	0	0	1044	452	15720	-359	69	91	2115	1688	1748	1688
0	0	0	0	1080	572	15676	-361	65	88	2113	1686	1748	1686
0	0	0	0	1012	456	15904	-364	61	97	2116	1685	1748	1687
0	0	0	0	1092	520	15760	-359	67	93	2116	1685	1748	1688
0	0	0	0	992	648	15848	-362	70	87	2116	1684	1748	1688
0	0	0	0	1032	412	15640	-371	71	88	2116	1681	1747	1687
0	0	0	0	1036	456	15820	-356	64	87	2118	1686	1750	1688
0	0	0	0	1088	544	15656	-355	63	85	2116	1685	1750	1683
0	0	0	0	984	560	15972	-359	61	93	2110	1685	1749	1687
0	0	0	0	1048	600	15752	-359	65	93	2116	1686	1748	1688
0	0	0	0	992	648	15824	-360	58	89	2117	1686	1747	1686
0	0	0	0	984	540	15828	-366	54	84	2116	1685	1748	1688
0	0	0	0	964	468	15696	-355	68	96	2117	1687	1745	1687
0	0	0	0	972	524	15732	-357	69	105	2118	1686	1748	1687
0	0	0	0	976	584	15648	-355	79	86	2112	1686	1748	1686
0	0	0	0	976	580	15716	-372	69	90	2116	1687	1748	1688
0	0	0	0	1116	492	15820	-354	71	94	2115	1686	1748	1685
0	0	0	0	1092	560	15832	-358	73	105	2117	1685	1749	1687
0	0	0	0	1028	484	15872	-350	84	83	2118	1686	1748	1687
0	0	0	0	1076	520	15760	-352	64	92	2116	1684	1749	1683
0	0	0	0	992	528	15688	-358	70	79	2116	1686	1748	1688
0	0	0	0	1024	548	15856	-356	81	89	2117	1685	1747	1686
0	0	0	0	1136	480	15836	-354	65	98	2116	1686	1747	1687
0	0	0	0	1008	468	15800	-347	64	100	2112	1683	1749	1686
0	0	0	0	1056	420	15688	-356	75	88	2115	1691	1748	1688
0	0	0	0	992	476	15724	-362	49	86	2114	1685	1747	1686
0	0	0	0	1060	480	15704	-361	59	97	2116	1685	1748	1686
0	0	0	0	1024	520	15740	-363	59	105	2118	1685	1747	1687
0	0	0	0	932	544	15628	-360	66	103	2109	1686	1747	1687
0	0	0	0	1084	432	16028	-355	64	83	2116	1685	1748	1688
0	0	0	0	1076	532	15720	-365	65	90	2116	1681	1747	1686
0	0	0	0	1096	360	15704	-355	56	99	2115	1684	1749	1686
0	0	0	0	968	636	15708	-354	75	86	2115	1685	1749	1686
0	0	0	0	1084	392	15760	-360	58	84	2117	1685	1747	1687
0	0	0	0	1028	520	15876	-359	61	90	2115	1685	1744	1688
0	0	0	0	1036	480	15716	-351	62	98	2116	1685	1748	1687
0	0	0	0	988	528	15860	-354	59	100	2116	1687	1748	1688
0	0	0	0	1096	484	15832	-352	74	96	2117	1685	1748	1681
0	0	0	0	1144	468	15720	-355	68	83	2115	1684	1747	1685
0	0	0	0	1040	516	15748	-357	66	95	2115	1684	1747	1688
0	0	0	0	1056	476	15768	-365	62	79	2115	1685	1748	1688
0	0	0	0	1092	428	15760	-362	73	85	2115	1685	1747	1684
0	0	0	0	1100	552	15680	-358	70	92	2117	1685	1748	1688
0	0	0	0	1024	536	15756	-357	62	90	2116	1693	1749	1687
0	0	0	0	988	576	15820	-352	54	101	2115	1684	1748	1687
0	0	0	0	976	460	15780	-360	68	91	2111	1685	1747	1688
0	0	0	0	1092	460	15892	-357	78	86	2115	1685	1748	1688
0	0	0	0	1052	420	15752	-365	62	86	2115	1684	1747	1687
0	0	0	0	1012	460	15752	-356	58	93	2116	1686	1747	1687
0	0	0	0	996	532	15680	-361	67	90	2115	1685	1753	1686
0	0	0	0	1032	560	15644	-356	74	85	2115	1683	1748	1687
0	0	0	0	1044	452	15812	-363	80	78	2116	1686	1747	1688
0	0	0	0	1064	412	15704	-358	69	97	2115	1681	1747	1687
0	0	0	0	1036	476	15808	-368	72	79	2115	1686	1747	1687
0	0	0	0	924	528	15816	-356	70	92	2117	1685	1748	1687
0	0	0	0	1048	528	15680	-356	64	100	2116	1685	1745	1687
0	0	0	0	980	548	15716	-351	62	100	2115	1685	1745	1687
0	0	0	0	1064	480	15792	-362	63	82	2115	1685	1748	1687
0	0	0	0	944	580	15752	-357	76	87	2117	1685	1746	1686
0	0	0	0	1040	512	15948	-352	85	88	2116	1687	1745	1688
0	0	0	0	1016	488	15820	-363	67	97	2115	1685	1747	1687
0	0	0	0	1144	572	15776	-366	59	89	2118	1685	1749	1686
0	0	0	0	1084	396	15740	-364	69	99	2116	1687	1749	1687
0	0	0	0	1080	560	15860	-351	61	92	2115	1685	1748	1685
0	0	0	0	916	460	15744	-361	73	103	2116	1686	1749	1688
0	0	0	0	952	508	15712	-355	67	87	2117	1683	1749	1698
0	0	0	0	884	576	15792	-362	63	78	2115	1686	1749	1688
0	0	0	0	996	432	15788	-353	65	77	2111	1686	1749	1690
0	0	0	0	1008	608	15832	-363	75	97	2116	1685	1748	1687
0	0	0	0	1008	544	15912	-360	70	95	2115	1685	1748	1688
0	0	0	0	940	512	15764	-359	50	83	2112	1686	1747	1686
0	0	0	0	1088	564	15792	-358	71	92	2116	1685	1747	1687
0	0	0	0	1096	532	15704	-354	66	93	2116	1688	1748	1688
0	0	0	0	952	504	15736	-355	61	92	2116	1686	1749	1687
0	0	0	0	1052	540	15708	-370	69	92	2116	1681	1747	1687
0	0	0	0	968	468	15816	-363	69	88	2121	1685	1748	1688
0	0	0	0	1040	512	15664	-358	63	90	2115	1687	1748	1687
0	0	0	0	1072	524	15964	-362	58	91	2116	1685	1748	1687
0	0	0	0	992	532	15716	-374	60	84	2118	1683	1745	1687
0	0	0	0	1080	456	15808	-355	70	90	2116	1684	1750	1688
0	0	0	0	1044	508	15884	-357	64	92	2116	1684	1748	1688
0	0	0	0	980	580	15780	-353	67	93	2117	1686	1745	1687
0	0	0	0	908	508	15728	-366	71	96	2116	1685	1747	1687
0	0	0	0	956	504	15768	-361	75	81	2116	1685	1749	1689
0	0	0	0	1012	432	15816	-350	71	95	2116	1688	1749	1687
0	0	0	0	956	504	15736	-349	66	95	2115	1686	1754	1683
0	0	0	0	1004	444	15844	-369	75	93	2116	1685	1748	1687
0	0	0	0	976	508	15736	-364	65	91	2116	1686	1748	1687
0	0	0	0	1080	528	15684	-369	59	94	2115	1686	1748	1686
0	0	0	0	1080	556	15804	-365	61	96	2115	1686	1748	1687
0	0	0	0	1008	552	15844	-369	62	90	2117	1686	1750	1689
0	0	0	0	976	488	15792	-362	62	84	2117	1685	1748	1688
0	0	0	0	1044	516	15848	-357	66	92	2111	1685	1747	1687
0	0	0	0	1020	572	15828	-354	71	94	2116	1685	1747	1687
0	0	0	0	1036	552	16012	-361	61	90	2117	1685	1749	1688
0	0	0	0	972	612	15840	-355	59	87	2116	1685	1749	1689
0	0	0	0	1012	500	15900	-346	74	82	2116	1682	1747	1687
0	0	0	0	1032	500	15828	-356	71	102	2116	1685	1749	1688
0	0	0	0	1020	508	15784	-357	65	95	2116	1686	1748	1688
0	0	0	0	1132	456	15596	-366	63	99	2116	1685	1747	1687
0	0	0	0	940	596	15664	-358	80	96	2117	1685	1747	1687
0	0	0	0	876	568	15704	-376	72	101	2116	1684	1749	1686
0	0	0	0	1004	488	15824	-359	69	89	2117	1685	1749	1686
0	0	0	0	1012	572	15824	-362	66	82	2115	1684	1746	1687
0	0	0	0	984	532	15644	-358	58	92	2116	1684	1749	1686
0	0	0	0	896	560	15968	-351	82	87	2116	1686	1747	1688
0	0	0	0	1048	608	15768	-364	63	85	2116	1685	1747	1688
0	0	0	0	1012	608	16000	-366	78	97	2115	1685	1748	1684
0	0	0	0	1084	636	15724	-367	58	89	2117	1686	1747	1687
0	0	0	0	1036	520	15764	-364	78	91	2117	1685	1747	1686
0	0	0	0	980	520	15780	-343	64	98	2117	1684	1747	1688
0	0	0	0	992	572	15732	-358	62	97	2115	1683	1747	1687
0	0	0	0	1004	492	15824	-352	78	86	2114	1683	1748	1687
0	0	0	0	1016	520	15812	-365	56	95	2116	1684	1747	1686
0	0	0	0	900	552	15620	-357	65	76	2110	1686	1748	1687
0	0	0	0	1044	560	15756	-378	76	88	2116	1684	1749	1686
0	0	0	0	1120	496	15764	-363	65	101	2116	1685	1747	1687
0	0	0	0	1020	408	15736	-358	63	92	2116	1686	1748	1688
0	0	0	0	992	480	15792	-357	63	66	2128	1681	1747	1687
0	0	0	0	1096	500	15792	-370	60	81	2116	1684	1747	1687
0	0	0	0	1016	484	15648	-369	71	102	2116	1684	1748	1688
0	0	0	0	992	640	15696	-362	80	91	2117	1680	1748	1687
0	0	0	0	1176	488	15848	-371	67	82	2116	1686	1748	1687
0	0	0	0	1044	436	15812	-368	47	85	2116	1685	1747	1687
0	0	0	0	1080	680	15620	-361	62	96	2115	1686	1747	1687
0	0	0	0	1048	476	15916	-362	59	81	2116	1685	1745	1686
0	0	0	0	996	364	15844	-364	57	83	2124	1686	1748	1687
0	0	0	0	956	548	15664	-359	67	64	2117	1685	1748	1688
0	0	0	0	1048	704	15552	-397	63	84	2116	1685	1748	1687
0	0	0	0	884	588	16160	-395	45	92	2119	1685	1748	1686
0	0	0	0	1084	564	15768	-365	37	84	2120	1685	1746	1688
0	0	0	0	1008	344	15872	-377	50	101	2121	1686	1752	1686
0	0	0	0	1008	536	15744	-366	77	85	2122	1685	1748	1687
0	0	0	0	1052	708	15904	-344	70	86	2120	1686	1747	1687
0	0	0	0	1160	640	15784	-340	70	107	2119	1686	1748	1688
0	0	0	0	1188	580	15972	-352	34	112	2120	1686	1750	1687
