0	0	0	0	336	376	16072	-343	70	101	1970	1553	1761	1701
0	0	0	0	376	468	15612	-363	70	107	1970	1554	1763	1702
0	0	0	0	280	428	15812	-355	70	82	1972	1553	1764	1702
0	0	0	0	272	556	15656	-367	60	97	1971	1553	1762	1702
0	0	0	0	308	380	15820	-358	70	92	1971	1552	1762	1702
0	0	0	0	264	392	15624	-349	62	85	1973	1550	1762	1702
0	0	0	0	352	520	15848	-367	69	77	1970	1553	1761	1702
0	0	0	0	344	484	15792	-355	74	91	1971	1554	1762	1702
0	0	0	0	480	524	15728	-357	74	92	1971	1551	1762	1702
0	0	0	0	320	528	15856	-363	71	95	1972	1554	1763	1702
0	0	0	0	488	512	15828	-361	75	93	1971	1555	1762	1703
0	0	0	0	484	396	15948	-358	70	92	1972	1553	1762	1702
0	0	0	0	388	460	15864	-350	62	86	1971	1552	1761	1700
0	0	0	0	372	532	15792	-353	67	85	1971	1553	1762	1702
0	0	0	0	396	456	15764	-355	67	81	1971	1555	1761	1703
0	0	0	0	320	520	15816	-368	67	90	1969	1554	1761	1701
0	0	0	0	236	472	15836	-349	62	95	1971	1553	1762	1702
0	0	0	0	316	564	15644	-352	60	97	1972	1554	1762	1701
0	0	0	0	360	488	15800	-352	65	86	1970	1554	1761	1701
0	0	0	0	452	536	15708	-358	66	95	1970	1552	1763	1701
0	0	0	0	444	432	15712	-356	76	96	1980	1553	1761	1702
0	0	0	0	404	508	15820	-360	62	94	1971	1554	1762	1712
0	0	0	0	456	476	15896	-348	67	93	1972	1550	1762	1703
0	0	0	0	344	524	15904	-355	66	98	1971	1554	1763	1702
0	0	0	0	420	648	15916	-350	70	93	1971	1553	1761	1702
0	0	0	0	348	392	15772	-360	73	79	1972	1553	1761	1701
0	0	0	0	408	508	15724	-362	64	93	1970	1553	1760	1701
0	0	0	0	396	356	15880	-351	79	90	1971	1553	1761	1702
0	0	0	0	412	392	15764	-356	71	85	1970	1554	1763	1703
0	0	0	0	396	488	15836	-365	61	91	1972	1554	1762	1701
0	0	0	0	340	504	15860	-345	72	96	1972	1553	1761	1701
0	0	0	0	432	476	15840	-359	70	96	1970	1553	1762	1701
0	0	0	0	372	572	15940	-349	71	92	1971	1552	1761	1702
0	0	0	0	396	572	15640	-361	71	92	1972	1553	1761	1701
0	0	0	0	344	464	15800	-354	66	87	1970	1553	1761	1700
0	0	0	0	352	608	15936	-353	66	103	1969	1553	1762	1701
0	0	0	0	416	536	15704	-362	69	92	1970	1553	1762	1701
0	0	0	0	432	540	16016	-352	69	93	1971	1553	1762	1702
0	0	0	0	376	524	15860	-350	66	79	1971	1552	1760	1703
0	0	0	0	392	596	15776	-357	67	98	1971	1553	1760	1702
0	0	0	0	424	484	15872	-359	68	105	1972	1553	1759	1700
0	0	0	0	408	496	15728	-347	71	88	1972	1554	1760	1700
0	0	0	0	352	488	15844	-355	73	92	1972	1554	1761	1700
0	0	0	0	408	484	15760	-358	60	89	1971	1553	1758	1700
0	0	0	0	404	556	15784	-351	62	103	1971	1553	1761	1701
0	0	0	0	436	552	15664	-358	66	101	1970	1552	1761	1701
0	0	0	0	420	544	15812	-363	55	91	1971	1554	1770	1701
0	0	0	0	376	412	15780	-354	61	93	1971	1553	1762	1700
0	0	0	0	484	500	15812	-355	57	88	1967	1552	1761	1701
0	0	0	0	332	508	15728	-353	65	91	1971	1554	1761	1701
0	0	0	0	380	456	15808	-359	75	87	1970	1554	1761	1700
0	0	0	0	440	400	15820	-355	53	93	1972	1552	1761	1701
0	0	0	0	408	544	15860	-346	66	99	1970	1553	1761	1701
0	0	0	0	392	408	15676	-353	61	93	1971	1554	1761	1713
0	0	0	0	380	512	15656	-345	55	87	1970	1549	1761	1701
0	0	0	0	416	444	15716	-363	69	98	1971	1552	1761	1701
0	0	0	0	420	604	15844	-354	59	90	1971	1550	1760	1702
0	0	0	0	412	420	15724	-338	72	95	1965	1553	1760	1702
0	0	0	0	360	464	15808	-357	67	82	1971	1553	1761	1701
0	0	0	0	352	524	15848	-363	61	97	1972	1563	1761	1700
0	0	0	0	356	520	15836	-360	67	90	1970	1555	1762	1702
0	0	0	0	420	488	15820	-363	64	96	1972	1554	1762	1700
0	0	0	0	336	560	15840	-352	64	95	1971	1548	1761	1702
0	0	0	0	268	480	15684	-355	60	89	1972	1553	1762	1703
0	0	0	0	356	404	15924	-360	59	94	1971	1552	1760	1702
0	0	0	0	344	424	15988	-367	74	85	1971	1555	1762	1701
0	0	0	0	372	528	15904	-363	63	102	1971	1554	1762	1701
0	0	0	0	452	456	15860	-361	67	93	1971	1554	1761	1701
0	0	0	0	372	472	15824	-346	64	88	1969	1553	1762	1702
0	0	0	0	336	464	15848	-350	64	95	1972	1554	1762	1701
0	0	0	0	288	488	15816	-362	64	98	1970	1553	1762	1700
0	0	0	0	460	412	15848	-354	71	100	1970	1554	1762	1701
0	0	0	0	372	468	15804	-362	80	94	1974	1550	1761	1703
0	0	0	0	352	412	15800	-356	69	91	1973	1554	1761	1702
0	0	0	0	332	416	15800	-352	75	87	1971	1553	1762	1702
0	0	0	0	404	500	15876	-359	61	91	1971	1552	1762	1702
0	0	0	0	516	452	15868	-352	71	83	1971	1553	1761	1703
0	0	0	0	356	472	15688	-361	58	88	1971	1553	1762	1702
0	0	0	0	384	516	15732	-350	69	85	1972	1553	1761	1702
0	0	0	0	320	420	15888	-354	74	86	1971	1555	1757	1702
0	0	0	0	396	372	15856	-356	77	90	1971	1552	1761	1702
0	0	0	0	340	528	15872	-349	53	98	1971	1554	1762	1701
0	0	0	0	336	476	15912	-360	59	91	1970	1554	1762	1701
0	0	0	0	504	488	15700	-347	66	89	1973	1553	1761	1700
0	0	0	0	504	552	15808	-363	74	88	1972	1554	1763	1702
0	0	0	0	420	516	15912	-360	66	105	1970	1563	1761	1701
0	0	0	0	404	476	15820	-361	77	99	1971	1554	1762	1700
0	0	0	0	348	392	15988	-339	66	92	1976	1553	1762	1702
0	0	0	0	324	628	15800	-346	56	91	1971	1552	1760	1702
0	0	0	0	456	524	15808	-354	62	85	1971	1553	1762	1703
0	0	0	0	420	448	15688	-358	64	83	1971	1554	1762	1702
0	0	0	0	272	468	15712	-359	68	91	1971	1554	1766	1702
0	0	0	0	296	564	15788	-365	69	84	1972	1553	1761	1702
0	0	0	0	440	452	15696	-357	71	82	1972	1554	1762	1701
0	0	0	0	348	468	15788	-361	69	84	1970	1549	1761	1701
0	0	0	0	368	552	15796	-369	68	96	1971	1553	1761	1701
0	0	0	0	412	496	15812	-379	59	99	1970	1553	1762	1701
0	0	0	0	336	424	15812	-363	64	92	1972	1549	1762	1701
0	0	0	0	460	540	15864	-366	62	94	1971	1552	1760	1702
0	0	0	0	300	484	15720	-358	66	79	1970	1553	1761	1701
0	0	0	0	396	544	15740	-350	67	88	1971	1552	1761	1701
0	0	0	0	404	616	15524	-349	63	94	1971	1552	1759	1700
0	0	0	0	392	444	15852	-354	58	86	1972	1552	1761	1701
0	0	0	0	424	480	15760	-353	77	93	1971	1554	1773	1702
0	0	0	0	496	456	15836	-364	56	85	1970	1552	1761	1700
0	0	0	0	372	400	15716	-366	82	87	1972	1553	1761	1693
0	0	0	0	368	452	15788	-352	70	101	1971	1552	1761	1701
0	0	0	0	460	532	15740	-361	67	79	1971	1554	1761	1701
0	0	0	0	364	496	15852	-359	60	96	1970	1553	1761	1700
0	0	0	0	416	476	15768	-360	54	101	1970	1552	1762	1701
0	0	0	0	556	440	15888	-364	63	97	1970	1552	1764	1700
0	0	0	0	436	452	15816	-355	81	89	1972	1551	1761	1701
0	0	0	0	460	512	15724	-352	59	96	1970	1551	1761	1701
0	0	0	0	380	484	15748	-356	64	114	1970	1552	1759	1701
0	0	0	0	388	500	16044	-363	54	91	1971	1552	1760	1702
0	0	0	0	392	448	15844	-350	68	89	1971	1553	1761	1701
0	0	0	0	352	488	15964	-351	60	97	1971	1552	1761	1701
0	0	0	0	296	548	15784	-342	66	100	1970	1552	1761	1702
0	0	0	0	408	596	15824	-348	73	86	1972	1554	1761	1700
0	0	0	0	324	532	15836	-362	78	86	1972	1549	1761	1701
0	0	0	0	388	568	15800	-355	71	82	1970	1553	1762	1701
0	0	0	0	272	500	15820	-352	60	89	1972	1553	1761	1702
0	0	0	0	340	484	15812	-352	72	93	1971	1553	1761	1701
0	0	0	0	284	492	15808	-349	63	100	1972	1552	1759	1700
0	0	0	0	384	544	15804	-359	66	96	1971	1552	1760	1701
0	0	0	0	424	536	15872	-362	60	80	1964	1553	1761	1699
0	0	0	0	356	576	15704	-349	80	95	1971	1554	1762	1701
0	0	0	0	396	460	15952	-358	62	95	1970	1551	1759	1702
0	0	0	0	392	316	15836	-356	80	97	1972	1553	1761	1700
0	0	0	0	352	432	15780	-354	64	88	1971	1553	1762	1701
0	0	0	0	288	488	15800	-362	66	105	1971	1553	1761	1699
0	0	0	0	392	420	15760	-352	69	87	1970	1550	1761	1701
0	0	0	0	472	456	15748	-351	62	91	1970	1553	1762	1703
0	0	0	0	460	448	15892	-358	61	90	1972	1553	1762	1713
0	0	0	0	480	436	15880	-353	71	101	1970	1552	1762	1701
0	0	0	0	460	444	15668	-359	63	86	1971	1546	1761	1702
0	0	0	0	292	472	15708	-351	62	97	1967	1552	1762	1702
0	0	0	0	404	412	15848	-354	69	85	1970	1553	1762	1702
0	0	0	0	396	464	15864	-346	66	81	1972	1554	1761	1702
0	0	0	0	448	480	15788	-351	58	81	1971	1554	1770	1701
0	0	0	0	448	468	15836	-354	68	96	1971	1553	1763	1703
0	0	0	0	384	540	15868	-352	68	96	1972	1551	1762	1702
0	0	0	0	488	480	15752	-363	74	84	1970	1554	1762	1701
0	0	0	0	344	460	15844	-362	73	83	1972	1553	1762	1702
0	0	0	0	364	560	15844	-353	71	99	1971	1554	1762	1702
0	0	0	0	288	492	15960	-351	69	81	1972	1553	1762	1701
0	0	0	0	476	468	15844	-361	66	91	1971	1552	1762	1701
0	0	0	0	448	492	15792	-362	61	88	1971	1552	1763	1702
0	0	0	0	328	544	15804	-350	70	90	1967	1552	1756	1702
0	0	0	0	440	424	15608	-346	62	100	1972	1553	1761	1702
0	0	0	0	308	408	15772	-358	64	86	1972	1554	1761	1702
0	0	0	0	400	448	15956	-366	84	93	1970	1554	1761	1703
0	0	0	0	376	480	15792	-363	58	97	1970	1554	1762	1700
0	0	0	0	328	412	15756	-359	70	88	1972	1553	1762	1701
0	0	0	0	408	468	15896	-355	60	91	1970	1553	1765	1701
0	0	0	0	320	380	15836	-366	61	90	1971	1553	1761	1701
0	0	0	0	392	480	15924	-356	61	86	1968	1554	1763	1703
0	0	0	0	456	560	15836	-360	68	80	1976	1554	1763	1702
0	0	0	0	404	512	15748	-362	62	89	1971	1553	1762	1711
0	0	0	0	308	436	15896	-351	59	95	1970	1554	1762	1702
0	0	0	0	344	504	15736	-350	73	93	1971	1553	1761	1702
0	0	0	0	264	516	15916	-351	74	84	1971	1553	1759	1702
0	0	0	0	428	568	15764	-358	59	92	1972	1553	1763	1702
0	0	0	0	364	432	15608	-350	55	89	1971	1550	1762	1702
0	0	0	0	352	496	15808	-347	58	85	1970	1553	1762	1701
0	0	0	0	252	548	15664	-358	59	91	1971	1555	1761	1701
0	0	0	0	444	444	15816	-358	59	84	1971	1555	1761	1701
0	0	0	0	272	536	15776	-356	66	88	1973	1553	1761	1701
0	0	0	0	304	452	15684	-343	80	85	1973	1553	1762	1703
0	0	0	0	232	472	15768	-358	66	83	1973	1554	1753	1702
0	0	0	0	356	528	15880	-363	66	88	1971	1554	1760	1701
0	0	0	0	336	472	15884	-365	78	94	1971	1553	1762	1703
0	0	0	0	400	476	15796	-362	61	87	1971	1553	1761	1698
0	0	0	0	320	496	15912	-356	61	90	1971	1554	1762	1701
0	0	0	0	384	612	15688	-361	75	89	1972	1554	1762	1700
0	0	0	0	408	464	15824	-360	71	97	1971	1554	1770	1702
0	0	0	0	396	532	15856	-340	51	90	1970	1553	1761	1701
0	0	0	0	360	480	15884	-355	70	84	1972	1554	1762	1700
0	0	0	0	404	420	15800	-368	62	98	1970	1554	1761	1700
0	0	0	0	384	364	15820	-363	65	84	1970	1552	1761	1700
0	0	0	0	432	440	15876	-346	71	92	1970	1553	1762	1701
0	0	0	0	464	528	15924	-360	66	93	1972	1554	1761	1702
0	0	0	0	464	532	15856	-364	66	89	1970	1552	1760	1701
0	0	0	0	444	476	15852	-360	73	91	1972	1552	1762	1702
0	0	0	0	472	356	15960	-352	65	105	1971	1553	1761	1701
0	0	0	0	424	544	15824	-348	78	92	1970	1549	1759	1701
0	0	0	0	440	516	15832	-358	52	89	1972	1553	1760	1702
0	0	0	0	388	488	15908	-347	67	90	1969	1554	1761	1702
0	0	0	0	396	524	15988	-356	62	96	1970	1549	1761	1702
0	0	0	0	408	396	15736	-349	59	90	1971	1553	1761	1701
0	0	0	0	476	400	15740	-349	76	95	1969	1553	1761	1701
0	0	0	0	464	532	15904	-347	68	87	1971	1552	1761	1701
0	0	0	0	324	392	15808	-351	71	94	1971	1553	1761	1701
0	0	0	0	316	572	15864	-354	64	89	1971	1553	1768	1701
0	0	0	0	376	464	15804	-363	64	90	1970	1553	1760	1700
0	0	0	0	336	428	15796	-357	68	93	1971	1553	1761	1702
0	0	0	0	452	444	15816	-357	64	86	1971	1552	1766	1700
0	0	0	0	392	448	15716	-360	63	83	1971	1551	1762	1701
0	0	0	0	460	544	15748	-350	66	96	1972	1553	1761	1701
0	0	0	0	444	524	15928	-356	56	103	1971	1552	1760	1700
0	0	0	0	324	524	15996	-357	62	82	1971	1552	1761	1701
0	0	0	0	468	456	15724	-362	54	92	1972	1553	1761	1696
0	0	0	0	456	620	15704	-362	59	96	1970	1553	1760	1701
0	0	0	0	328	540	15728	-365	70	92	1971	1553	1761	1701
0	0	0	0	396	436	15828	-352	60	90	1970	1553	1761	1703
0	0	0	0	324	568	15944	-348	72	85	1972	1551	1762	1702
0	0	0	0	400	464	15752	-352	66	98	1971	1553	1760	1699
0	0	0	0	316	492	15800	-356	66	93	1970	1549	1761	1702
0	0	0	0	416	536	15888	-357	73	89	1971	1552	1760	1702
0	0	0	0	420	480	15904	-353	68	96	1970	1553	1761	1702
0	0	0	0	380	576	15804	-356	69	90	1971	1550	1760	1701
0	0	0	0	332	528	15848	-363	73	95	1970	1554	1762	1701
0	0	0	0	412	444	15812	-356	71	81	1970	1552	1761	1701
0	0	0	0	348	432	15852	-360	61	97	1971	1553	1761	1701
0	0	0	0	388	352	15764	-358	74	87	1971	1553	1759	1700
0	0	0	0	432	444	15868	-364	73	98	1971	1552	1760	1699
0	0	0	0	376	496	15796	-351	63	99	1971	1554	1762	1702
0	0	0	0	376	416	15732	-360	73	88	1972	1554	1761	1704
0	0	0	0	404	496	15688	-358	62	94	1971	1553	1761	1701
0	0	0	0	508	468	15740	-365	64	89	1972	1552	1762	1703
0	0	0	0	288	432	15908	-369	68	100	1971	1554	1762	1701
0	0	0	0	456	516	15736	-359	55	83	1971	1552	1762	1695
0	0	0	0	376	432	15776	-349	61	92	1972	1554	1767	1702
0	0	0	0	360	512	15772	-351	67	90	1971	1554	1774	1702
0	0	0	0	440	512	15768	-358	70	95	1971	1553	1761	1702
0	0	0	0	396	512	16004	-359	60	86	1971	1554	1761	1701
0	0	0	0	436	540	15812	-347	59	88	1970	1554	1761	1700
0	0	0	0	432	488	15856	-360	67	83	1972	1553	1761	1701
0	0	0	0	388	476	15916	-360	64	91	1970	1553	1762	1702
0	0	0	0	444	512	15860	-365	61	87	1973	1554	1763	1702
0	0	0	0	428	484	15896	-343	67	93	1971	1553	1761	1702
0	0	0	0	360	540	15816	-352	68	103	1973	1553	1762	1703
0	0	0	0	400	540	15864	-361	62	93	1971	1549	1756	1702
0	0	0	0	440	508	15840	-350	73	88	1971	1553	1762	1702
0	0	0	0	356	464	15776	-361	57	87	1972	1554	1761	1702
0	0	0	0	468	500	15908	-350	61	88	1971	1554	1766	1703
0	0	0	0	392	440	15760	-363	67	95	1971	1553	1759	1701
0	0	0	0	356	476	15904	-352	64	100	1971	1553	1761	1702
0	0	0	0	324	492	15808	-356	72	91	1970	1553	1758	1701
0	0	0	0	404	472	15984	-378	75	86	1971	1553	1759	1702
0	0	0	0	416	560	15696	-361	69	95	1970	1553	1761	1702
0	0	0	0	308	448	15788	-364	70	88	1972	1554	1762	1705
0	0	0	0	412	588	15776	-363	66	86	1972	1553	1762	1701
0	0	0	0	404	476	15928	-360	67	94	1972	1553	1762	1701
0	0	0	0	328	616	15864	-355	56	88	1967	1552	1761	1701
0	0	0	0	332	452	15856	-353	66	85	1971	1554	1761	1702
0	0	0	0	316	492	15636	-355	78	101	1971	1555	1760	1701
0	0	0	0	348	484	15688	-354	64	81	1970	1554	1761	1702
0	0	0	0	300	552	15720	-356	66	89	1970	1553	1762	1702
0	0	0	0	396	616	15812	-355	71	86	1972	1554	1761	1694
0	0	0	0	340	480	15952	-353	63	83	1971	1553	1761	1701
0	0	0	0	308	588	15836	-356	67	95	1971	1553	1762	1701
0	0	0	0	368	488	15760	-353	66	91	1971	1554	1762	1702
0	0	0	0	384	396	15672	-368	70	83	1973	1554	1757	1701
0	0	0	0	384	480	15864	-364	57	87	1971	1549	1761	1701
0	0	0	0	356	508	15868	-363	73	88	1971	1550	1763	1703
0	0	0	0	412	568	15808	-368	62	87	1970	1552	1760	1701
0	0	0	0	460	452	15800	-347	68	102	1971	1553	1760	1702
0	0	0	0	384	488	15792	-345	63	98	1971	1552	1759	1701
0	0	0	0	404	544	15956	-348	63	92	1971	1553	1761	1702
0	0	0	0	364	500	15800	-346	54	81	1971	1553	1761	1701
0	0	0	0	432	516	15780	-348	74	95	1971	1554	1759	1701
0	0	0	0	316	396	15796	-358	65	91	1970	1553	1760	1699
0	0	0	0	440	488	16056	-357	71	92	1969	1554	1762	1700
0	0	0	0	356	520	15740	-356	65	92	1970	1553	1761	1702
0	0	0	0	388	464	15776	-346	67	80	1972	1553	1762	1697
0	0	0	0	504	524	15812	-373	66	90	1970	1552	1764	1701
0	0	0	0	312	572	15824	-357	79	96	1971	1553	1761	1702
0	0	0	0	392	500	15780	-356	64	92	1971	1552	1761	1703
0	0	0	0	456	560	15800	-355	68	83	1971	1552	1762	1700
0	0	0	0	332	400	15856	-349	72	104	1970	1553	1761	1701
0	0	0	0	392	476	15956	-348	68	93	1971	1560	1761	1701
0	0	0	0	424	488	15736	-356	82	91	1971	1554	1761	1701
0	0	0	0	396	428	15948	-362	62	89	1972	1553	1763	1701
0	0	0	0	488	312	15800	-354	67	94	1980	1553	1760	1700
0	0	0	0	428	464	15732	-353	65	88	1971	1553	1761	1702
0	0	0	0	444	456	15736	-348	61	96	1969	1550	1762	1701
0	0	0	0	292	500	15904	-364	67	90	1972	1551	1762	1701
0	0	0	0	396	584	15820	-353	54	84	1971	1552	1760	1701
0	0	0	0	476	496	15748	-352	68	97	1971	1552	1762	1701
0	0	0	0	444	392	15820	-357	59	93	1971	1552	1761	1702
0	0	0	0	380	512	15796	-349	59	86	1971	1552	1762	1701
0	0	0	0	388	512	15716	-364	69	98	1971	1553	1760	1701
0	0	0	0	484	464	15812	-354	72	97	1970	1554	1760	1702
0	0	0	0	432	492	15872	-359	67	99	1970	1553	1760	1701
0	0	0	0	408	472	15916	-354	57	89	1972	1553	1761	1700
0	0	0	0	464	524	15876	-347	70	97	1971	1554	1760	1710
0	0	0	0	372	472	15680	-353	64	96	1971	1556	1761	1699
0	0	0	0	392	456	15820	-357	59	78	1970	1553	1761	1701
0	0	0	0	388	508	15808	-354	60	95	1972	1554	1769	1702
0	0	0	0	384	468	15796	-354	68	84	1970	1552	1761	1699
0	0	0	0	344	492	15652	-363	77	88	1970	1552	1761	1701
0	0	0	0	300	512	15944	-356	73	86	1970	1551	1760	1702
0	0	0	0	328	420	15800	-356	69	96	1971	1552	1759	1702
0	0	0	0	416	492	15796	-348	74	90	1970	1553	1760	1702
0	0	0	0	332	548	15808	-369	78	85	1967	1553	1762	1702
0	0	0	0	384	392	15868	-364	61	94	1971	1552	1761	1702
0	0	0	0	328	508	15976	-352	74	91	1972	1554	1762	1702
0	0	0	0	404	468	15884	-358	61	87	1969	1551	1761	1701
0	0	0	0	440	496	15920	-351	68	99	1971	1553	1761	1702
0	0	0	0	432	572	15912	-351	62	85	1971	1554	1763	1702
0	0	0	0	420	416	15752	-351	69	89	1972	1551	1764	1702
0	0	0	0	408	528	15876	-367	64	93	1971	1553	1762	1701
0	0	0	0	392	428	15764	-341	64	91	1971	1552	1762	1702
0	0	0	0	424	452	15672	-355	60	92	1971	1562	1761	1702
0	0	0	0	340	468	15776	-353	72	93	1971	1553	1759	1702
0	0	0	0	324	516	15852	-352	68	100	1971	1554	1761	1703
0	0	0	0	408	444	15708	-367	63	94	1971	1555	1762	1703
0	0	0	0	368	532	15892	-364	70	97	1971	1553	1761	1712
0	0	0	0	316	508	15916	-359	68	94	1971	1553	1761	1699
0	0	0	0	436	512	15708	-349	76	96	1964	1554	1762	1701
0	0	0	0	344	500	15920	-360	61	97	1971	1554	1760	1701
0	0	0	0	424	440	15680	-347	71	95	1971	1554	1762	1700
0	0	0	0	336	552	15820	-353	62	94	1972	1553	1763	1701
0	0	0	0	280	488	15772	-361	54	85	1975	1553	1764	1701
0	0	0	0	400	508	15844	-359	79	85	1972	1553	1761	1703
0	0	0	0	452	524	15828	-360	64	90	1970	1563	1761	1702
0	0	0	0	404	428	15872	-362	65	88	1971	1553	1762	1703
0	0	0	0	428	380	15716	-354	72	96	1972	1553	1761	1703
0	0	0	0	332	512	15792	-347	73	93	1970	1555	1763	1702
0	0	0	0	352	452	15724	-358	74	83	1970	1553	1761	1702
0	0	0	0	364	608	15928	-353	68	85	1971	1554	1763	1701
0	0	0	0	520	500	15684	-360	62	80	1971	1554	1762	1701
0	0	0	0	428	620	15692	-354	64	81	1971	1550	1762	1700
0	0	0	0	388	452	15780	-357	65	81	1970	1553	1762	1702
0	0	0	0	388	628	15996	-355	69	92	1972	1551	1762	1702
0	0	0	0	280	444	15868	-360	78	91	1971	1553	1762	1701
0	0	0	0	396	432	15748	-355	68	96	1972	1553	1760	1702
0	0	0	0	432	452	15860	-374	64	87	1972	1552	1761	1701
0	0	0	0	328	468	15952	-364	61	87	1971	1554	1762	1703
0	0	0	0	264	488	15776	-343	68	88	1972	1554	1760	1702
0	0	0	0	404	488	15696	-359	66	88	1970	1554	1769	1702
0	0	0	0	380	528	15820	-363	60	96	1971	1553	1761	1701
0	0	0	0	472	500	15880	-366	68	88	1972	1554	1761	1701
0	0	0	0	352	544	15796	-362	76	99	1970	1553	1761	1699
0	0	0	0	460	384	15824	-357	70	86	1971	1553	1761	1701
0	0	0	0	388	488	15820	-350	68	101	1973	1553	1760	1703
0	0	0	0	312	588	15840	-356	72	87	1972	1554	1761	1706
0	0	0	0	460	520	15788	-359	80	90	1970	1548	1763	1701
0	0	0	0	404	412	15924	-351	57	80	1971	1553	1761	1702
0	0	0	0	416	516	15804	-365	65	101	1971	1553	1762	1701
0	0	0	0	384	548	15700	-353	71	101	1969	1552	1761	1701
0	0	0	0	404	488	15852	-365	69	88	1972	1553	1759	1701
0	0	0	0	328	508	15788	-355	59	88	1971	1553	1763	1702
0	0	0	0	372	436	15852	-352	62	100	1972	1553	1761	1701
0	0	0	0	400	524	15848	-357	66	93	1971	1550	1762	1701
0	0	0	0	420	532	15892	-356	82	92	1973	1552	1761	1702
0	0	0	0	424	440	15800	-365	60	89	1971	1554	1760	1698
0	0	0	0	256	484	15968	-357	71	86	1970	1553	1762	1701
0	0	0	0	380	488	15792	-353	74	79	1972	1553	1760	1701
0	0	0	0	416	456	15748	-363	53	82	1971	1553	1761	1701
0	0	0	0	392	576	15744	-368	60	80	1970	1552	1762	1702
0	0	0	0	288	400	15728	-357	70	97	1970	1552	1759	1702
0	0	0	0	380	496	15708	-352	70	86	1971	1553	1762	1701
0	0	0	0	496	424	15744	-356	75	93	1972	1554	1760	1701
0	0	0	0	532	508	15848	-355	65	87	1970	1554	1761	1702
0	0	0	0	340	460	15688	-358	67	96	1970	1551	1760	1699
0	0	0	0	424	420	15684	-359	73	91	1971	1553	1761	1701
0	0	0	0	408	444	15800	-353	81	96	1981	1553	1760	1701
0	0	0	0	348	432	15932	-361	81	92	1970	1554	1761	1701
0	0	0	0	324	456	15764	-360	62	95	1969	1553	1762	1701
0	0	0	0	400	580	15812	-360	66	88	1971	1553	1762	1713
0	0	0	0	380	436	15864	-357	58	90	1971	1552	1761	1701
0	0	0	0	380	556	15836	-358	66	89	1971	1552	1762	1701
0	0	0	0	428	552	15848	-354	68	103	1971	1552	1761	1701
0	0	0	0	344	516	15784	-353	74	94	1971	1552	1761	1701
0	0	0	0	448	468	15792	-362	71	97	1972	1553	1760	1702
0	0	0	0	316	492	15968	-360	74	89	1969	1550	1772	1702
0	0	0	0	376	444	15908	-361	61	91	1971	1552	1760	1701
0	0	0	0	376	500	15780	-339	63	101	1971	1552	1761	1700
0	0	0	0	284	552	15820	-357	58	106	1971	1552	1761	1701
0	0	0	0	408	528	15864	-356	67	87	1970	1552	1761	1701
0	0	0	0	456	476	15872	-348	73	75	1969	1553	1760	1701
0	0	0	0	444	540	15716	-361	60	84	1972	1553	1762	1700
0	0	0	0	384	488	15776	-342	68	93	1970	1552	1759	1701
0	0	0	0	408	444	15840	-343	60	82	1970	1552	1761	1702
0	0	0	0	376	452	15892	-357	56	90	1967	1552	1760	1703
0	0	0	0	440	452	15836	-349	59	81	1971	1554	1762	1702
0	0	0	0	392	432	15824	-358	59	94	1972	1554	1762	1701
0	0	0	0	348	484	15728	-356	64	100	1973	1553	1761	1702
0	0	0	0	384	460	15768	-364	66	83	1970	1553	1762	1702
0	0	0	0	408	496	15964	-354	84	85	1971	1553	1757	1703
0	0	0	0	344	520	15896	-367	56	88	1970	1553	1762	1701
0	0	0	0	288	504	15800	-364	73	92	1971	1553	1763	1702
0	0	0	0	384	384	15832	-366	71	88	1970	1554	1763	1702
0	0	0	0	412	440	15724	-363	61	85	1970	1554	1761	1703
0	0	0	0	420	444	15848	-348	71	96	1971	1553	1761	1701
0	0	0	0	452	400	15904	-362	65	88	1971	1552	1762	1702
0	0	0	0	364	456	15808	-357	72	90	1972	1553	1759	1703
0	0	0	0	364	488	15760	-352	67	79	1971	1550	1762	1702
0	0	0	0	396	456	15736	-355	58	95	1972	1553	1761	1702
0	0	0	0	348	532	15940	-366	54	92	1967	1554	1762	1702
0	0	0	0	404	564	15780	-362	76	94	1971	1550	1762	1702
0	0	0	0	460	456	15696	-359	65	79	1972	1552	1762	1701
0	0	0	0	352	508	15928	-345	64	100	1971	1552	1762	1701
0	0	0	0	316	436	15800	-356	74	93	1971	1552	1761	1702
0	0	0	0	516	532	15888	-358	67	98	1970	1554	1761	1703
0	0	0	0	396	448	15836	-351	69	90	1973	1554	1761	1713
0	0	0	0	396	556	15792	-351	65	94	1971	1553	1762	1702
0	0	0	0	344	564	15712	-359	59	88	1973	1553	1762	1703
0	0	0	0	456	552	15784	-358	76	91	1972	1552	1761	1700
0	0	0	0	400	560	15760	-358	63	91	1971	1553	1755	1702
0	0	0	0	404	476	15864	-366	73	91	1972	1554	1761	1702
0	0	0	0	356	488	15936	-352	58	88	1971	1553	1772	1701
0	0	0	0	348	476	15724	-355	65	91	1971	1554	1762	1701
0	0	0	0	416	516	15796	-348	67	97	1971	1554	1762	1702
0	0	0	0	384	532	15756	-358	69	101	1972	1553	1761	1702
0	0	0	0	392	412	15748	-366	63	89	1971	1553	1761	1701
0	0	0	0	464	476	15964	-338	60	92	1970	1553	1762	1702
0	0	0	0	456	360	15696	-357	63	99	1972	1554	1763	1702
0	0	0	0	448	520	15784	-355	60	90	1972	1553	1761	1702
0	0	0	0	416	504	15940	-366	68	87	1971	1549	1762	1702
0	0	0	0	356	472	15752	-350	65	101	1971	1553	1761	1700
0	0	0	0	340	520	15708	-351	57	98	1971	1553	1762	1702
0	0	0	0	448	380	15816	-355	73	103	1971	1550	1762	1702
0	0	0	0	400	560	15764	-345	68	95	1971	1555	1762	1702
0	0	0	0	352	420	15916	-351	64	104	1971	1553	1761	1701
0	0	0	0	364	532	15820	-348	75	90	1971	1554	1761	1701
0	0	0	0	436	528	15720	-354	60	99	1969	1553	1759	1700
0	0	0	0	296	668	16020	-361	69	88	1969	1553	1761	1700
0	0	0	0	324	500	15588	-357	57	97	1971	1553	1762	1701
0	0	0	0	340	540	15888	-363	65	88	1968	1553	1762	1701
0	0	0	0	352	616	15944	-362	66	90	1971	1552	1761	1700
0	0	0	0	416	484	15812	-358	73	99	1971	1552	1761	1702
0	0	0	0	412	380	15912	-362	69	89	1971	1551	1760	1701
0	0	0	0	452	516	15852	-356	56	80	1971	1553	1762	1699
0	0	0	0	372	432	15912	-353	69	92	1971	1553	1760	1702
0	0	0	0	448	520	15928	-359	57	84	1970	1554	1761	1701
0	0	0	0	336	428	15752	-352	77	87	1971	1552	1760	1701
0	0	0	0	400	400	15816	-359	69	85	1970	1553	1761	1701
0	0	0	0	420	500	15768	-342	70	97	1969	1553	1761	1700
0	0	0	0	480	488	15628	-358	73	85	1971	1553	1760	1701
0	0	0	0	308	532	15796	-355	74	87	1970	1554	1762	1701
0	0	0	0	360	532	15868	-351	65	89	1971	1553	1756	1701
0	0	0	0	384	476	15720	-352	68	96	1971	1552	1761	1701
0	0	0	0	404	508	15744	-360	61	90	1972	1552	1760	1703
0	0	0	0	452	488	15744	-354	71	97	1970	1549	1760	1702
0	0	0	0	392	540	15772	-346	70	100	1970	1552	1760	1702
0	0	0	0	404	472	15788	-355	71	90	1972	1553	1760	1702
0	0	0	0	448	456	15796	-367	74	98	1970	1554	1768	1701
0	0	0	0	372	516	15692	-358	67	94	1972	1553	1759	1701
0	0	0	0	316	516	15856	-353	65	85	1971	1553	1761	1701
0	0	0	0	480	492	15704	-355	65	94	1969	1553	1761	1700
0	0	0	0	480	548	15876	-372	69	79	1971	1550	1759	1701
0	0	0	0	404	464	15888	-358	67	88	1970	1553	1761	1701
0	0	0	0	376	468	15812	-354	73	93	1972	1553	1770	1702
0	0	0	0	416	484	15836	-373	73	99	1971	1553	1761	1701
0	0	0	0	352	612	15844	-352	68	91	1972	1552	1761	1700
0	0	0	0	308	508	15792	-353	67	92	1971	1551	1760	1700
0	0	0	0	348	532	15952	-366	68	86	1970	1552	1761	1701
0	0	0	0	380	556	15668	-361	61	88	1971	1552	1760	1701
0	0	0	0	416	572	15716	-346	68	94	1969	1554	1759	1702
0	0	0	0	364	532	15812	-362	59	99	1970	1552	1756	1702
0	0	0	0	388	448	15852	-364	54	94	1971	1555	1761	1700
0	0	0	0	464	484	15716	-356	61	92	1970	1553	1761	1700
0	0	0	0	396	480	15780	-355	64	94	1971	1552	1761	1701
0	0	0	0	360	476	15796	-352	72	89	1970	1553	1762	1701
0	0	0	0	304	520	15900	-357	58	87	1973	1554	1762	1702
0	0	0	0	412	536	15900	-363	71	91	1971	1549	1756	1702
0	0	0	0	428	480	15720	-361	72	84	1971	1553	1761	1703
0	0	0	0	300	456	15792	-355	75	102	1971	1553	1763	1702
0	0	0	0	404	508	15760	-350	65	89	1971	1553	1762	1702
0	0	0	0	280	472	15832	-363	61	93	1972	1553	1759	1702
0	0	0	0	404	456	15800	-349	50	96	1969	1553	1768	1702
0	0	0	0	388	380	15744	-350	76	93	1972	1552	1754	1701
0	0	0	0	400	568	15908	-349	64	100	1971	1553	1761	1702
0	0	0	0	368	428	15824	-364	68	98	1970	1554	1761	1701
0	0	0	0	396	540	15656	-359	49	87	1971	1554	1761	1701
0	0	0	0	420	464	15744	-354	63	80	1970	1553	1763	1702
0	0	0	0	400	512	15892	-351	61	97	1972	1554	1762	1699
0	0	0	0	396	432	15744	-365	67	99	1971	1554	1762	1701
0	0	0	0	368	464	15888	-353	66	78	1971	1554	1763	1701
0	0	0	0	420	416	15828	-365	76	93	1971	1553	1761	1701
0	0	0	0	404	480	15744	-358	63	88	1971	1553	1762	1701
0	0	0	0	360	444	15768	-363	71	96	1972	1553	1761	1702
0	0	0	0	388	504	15752	-354	66	98	1971	1551	1762	1703
0	0	0	0	456	548	15728	-348	63	100	1971	1553	1761	1701
0	0	0	0	404	492	15848	-352	65	95	1972	1554	1762	1695
0	0	0	0	424	480	15796	-356	58	74	1971	1553	1763	1701
0	0	0	0	328	496	15692	-357	63	91	1971	1548	1761	1701
0	0	0	0	300	528	15920	-351	68	100	1971	1550	1761	1703
0	0	0	0	380	464	15848	-370	66	104	1970	1552	1762	1702
0	0	0	0	436	548	15688	-355	72	84	1972	1553	1761	1702
0	0	0	0	428	540	15852	-340	62	87	1972	1552	1763	1704
0	0	0	0	408	452	15704	-350	70	78	1972	1552	1761	1701
0	0	0	0	384	460	15680	-350	74	94	1971	1554	1762	1701
0	0	0	0	372	528	15740	-361	66	87	1973	1554	1761	1702
0	0	0	0	372	580	15916	-362	61	100	1972	1553	1759	1701
0	0	0	0	280	372	15912	-364	79	97	1971	1553	1761	1702
0	0	0	0	364	492	15812	-345	71	96	1972	1554	1763	1702
0	0	0	0	352	456	15768	-354	69	87	1971	1554	1761	1701
0	0	0	0	344	472	15660	-348	55	82	1972	1553	1761	1695
0	0	0	0	376	464	15872	-353	58	89	1970	1554	1763	1702
0	0	0	0	360	420	15736	-356	79	89	1972	1554	1762	1704
0	0	0	0	412	520	15688	-346	71	98	1971	1553	1762	1701
0	0	0	0	436	388	15916	-350	74	94	1971	1552	1762	1703
0	0	0	0	476	452	15868	-366	60	89	1971	1552	1759	1702
0	0	0	0	452	444	15820	-361	60	93	1971	1552	1759	1699
0	0	0	0	380	500	15688	-356	70	86	1970	1553	1761	1701
0	0	0	0	432	432	15780	-362	50	91	1969	1553	1762	1702
0	0	0	0	344	412	15888	-358	56	93	1970	1552	1761	1701
0	0	0	0	388	476	15776	-372	60	89	1971	1552	1762	1701
0	0	0	0	356	420	15808	-362	71	91	1969	1549	1761	1700
0	0	0	0	332	596	15780	-355	67	81	1971	1553	1761	1701
0	0	0	0	344	560	15904	-346	73	92	1966	1552	1762	1701
0	0	0	0	424	516	15752	-352	69	100	1970	1548	1761	1702
0	0	0	0	292	496	15940	-365	72	83	1971	1552	1761	1701
0	0	0	0	444	368	15852	-358	66	88	1972	1551	1761	1702
0	0	0	0	420	444	15772	-357	68	88	1967	1551	1761	1701
0	0	0	0	492	668	15856	-355	67	107	1971	1552	1759	1701
0	0	0	0	472	500	15816	-351	71	78	1971	1552	1761	1702
0	0	0	0	300	440	15832	-354	69	89	1970	1554	1772	1702
0	0	0	0	364	480	15836	-358	64	96	1971	1553	1761	1702
0	0	0	0	408	536	15848	-352	56	93	1971	1553	1761	1699
0	0	0	0	448	476	15844	-365	76	84	1970	1553	1760	1700
0	0	0	0	364	476	15924	-357	62	92	1971	1553	1761	1702
0	0	0	0	320	412	15748	-355	61	95	1971	1553	1762	1700
0	0	0	0	396	588	15852	-364	65	91	1972	1553	1762	1702
0	0	0	0	380	384	15896	-352	69	89	1970	1556	1762	1701
0	0	0	0	432	436	15980	-360	73	89	1971	1552	1762	1701
0	0	0	0	380	468	15684	-355	72	91	1970	1552	1761	1702
0	0	0	0	324	588	15912	-373	65	93	1970	1552	1759	1700
0	0	0	0	408	576	15864	-356	72	92	1972	1554	1761	1701
0	0	0	0	372	540	15756	-353	68	84	1970	1554	1761	1702
0	0	0	0	432	300	15876	-354	70	84	1971	1552	1761	1702
0	0	0	0	400	408	15856	-353	64	95	1971	1553	1761	1701
0	0	0	0	344	496	15708	-356	71	87	1970	1553	1760	1700
0	0	0	0	444	564	15748	-346	65	90	1972	1547	1761	1701
0	0	0	0	392	468	15720	-359	62	93	1970	1553	1762	1702
0	0	0	0	464	556	15688	-350	73	93	1972	1553	1761	1701
0	0	0	0	344	516	15784	-354	67	90	1970	1553	1761	1701
0	0	0	0	384	460	15828	-351	66	95	1971	1552	1760	1702
0	0	0	0	292	484	15876	-366	68	86	1971	1552	1760	1702
0	0	0	0	360	488	15708	-354	69	82	1970	1552	1761	1701
0	0	0	0	344	456	15784	-359	68	88	1971	1553	1761	1702
0	0	0	0	404	468	15744	-360	66	88	1970	1555	1768	1701
0	0	0	0	380	508	15736	-360	68	87	1971	1552	1761	1701
0	0	0	0	440	484	15980	-341	62	83	1972	1555	1761	1702
0	0	0	0	340	420	15828	-365	76	90	1970	1554	1762	1699
0	0	0	0	344	448	15836	-352	69	77	1971	1552	1761	1701
0	0	0	0	328	484	15812	-350	61	95	1970	1553	1762	1702
0	0	0	0	504	412	15728	-368	69	92	1972	1554	1762	1703
0	0	0	0	388	512	15888	-344	68	87	1970	1553	1762	1701
0	0	0	0	400	376	15768	-360	65	94	1971	1553	1762	1702
0	0	0	0	428	428	15712	-353	62	89	1970	1552	1760	1702
0	0	0	0	408	528	15768	-367	72	93	1969	1553	1762	1702
0	0	0	0	432	472	15964	-355	66	91	1972	1554	1762	1702
0	0	0	0	376	480	15608	-355	57	85	1972	1554	1763	1702
0	0	0	0	364	424	15780	-361	59	88	1971	1553	1761	1700
0	0	0	0	272	404	15884	-362	68	100	1971	1549	1762	1702
0	0	0	0	392	480	15744	-350	66	96	1970	1553	1762	1699
0	0	0	0	484	544	15888	-357	70	94	1972	1553	1761	1701
0	0	0	0	460	564	15796	-356	74	103	1971	1554	1762	1703
0	0	0	0	324	412	15832	-362	52	98	1971	1551	1760	1709
0	0	0	0	448	400	15652	-360	70	91	1970	1553	1762	1701
0	0	0	0	372	480	15792	-371	74	92	1971	1552	1761	1703
0	0	0	0	380	496	15816	-363	81	86	1971	1554	1759	1701
0	0	0	0	360	464	15920	-349	79	95	1971	1553	1761	1702
0	0	0	0	340	444	15780	-351	74	89	1972	1553	1760	1702
0	0	0	0	372	448	15944	-374	55	85	1970	1554	1774	1702
0	0	0	0	428	416	16004	-360	74	88	1972	1555	1760	1700
0	0	0	0	364	468	15796	-357	68	93	1972	1553	1762	1701
0	0	0	0	400	500	15772	-358	66	91	1970	1554	1762	1699
0	0	0	0	352	540	15804	-356	60	89	1971	1553	1761	1702
0	0	0	0	428	472	15812	-366	60	84	1970	1554	1762	1701
0	0	0	0	320	532	15952	-361	64	92	1971	1551	1761	1703
0	0	0	0	396	600	15896	-356	72	83	1971	1553	1762	1701
0	0	0	0	400	436	15840	-362	73	82	1971	1552	1763	1703
0	0	0	0	400	524	15696	-359	55	85	1972	1552	1762	1703
0	0	0	0	376	480	15764	-356	76	89	1970	1553	1771	1702
0	0	0	0	344	584	15824	-351	62	88	1972	1552	1761	1703
0	0	0	0	340	616	15908	-357	60	84	1970	1551	1761	1702
0	0	0	0	348	380	15772	-359	63	81	1971	1553	1762	1702
0	0	0	0	396	476	15724	-366	54	86	1971	1551	1761	1701
0	0	0	0	380	452	15900	-352	57	87	1970	1554	1761	1701
0	0	0	0	456	464	15836	-360	59	93	1972	1553	1761	1701
0	0	0	0	500	564	15924	-348	74	101	1970	1554	1762	1702
0	0	0	0	464	444	15836	-367	62	89	1972	1553	1762	1709
0	0	0	0	320	440	15848	-352	65	86	1971	1553	1759	1700
0	0	0	0	352	476	15780	-357	59	93	1971	1553	1761	1702
0	0	0	0	384	440	15948	-363	83	91	1971	1552	1759	1700
0	0	0	0	324	464	15808	-356	60	89	1971	1553	1762	1702
0	0	0	0	392	556	15868	-350	66	94	1971	1553	1761	1700
0	0	0	0	340	528	15864	-353	69	95	1970	1554	1761	1702
0	0	0	0	396	496	15720	-363	65	91	1971	1553	1762	1702
0	0	0	0	400	564	15716	-347	70	99	1972	1554	1762	1700
0	0	0	0	460	496	15800	-361	64	90	1970	1553	1761	1697
0	0	0	0	352	512	15732	-351	63	85	1971	1553	1760	1700
0	0	0	0	384	540	15840	-365	63	91	1969	1554	1761	1700
0	0	0	0	432	580	15980	-354	65	80	1970	1553	1761	1702
0	0	0	0	448	508	15868	-354	60	79	1971	1553	1759	1700
0	0	0	0	456	556	15984	-368	64	92	1972	1553	1761	1702
0	0	0	0	400	540	15816	-352	63	93	1972	1551	1760	1702
0	0	0	0	432	448	15904	-356	66	92	1970	1549	1762	1702
0	0	0	0	400	452	15944	-364	79	89	1972	1553	1760	1702
0	0	0	0	364	472	15844	-344	57	88	1969	1554	1759	1702
0	0	0	0	436	488	15776	-360	70	95	1971	1548	1761	1701
0	0	0	0	472	464	15776	-355	65	93	1971	1553	1761	1701
0	0	0	0	340	520	15856	-365	61	83	1970	1553	1761	1701
0	0	0	0	460	464	15892	-356	64	89	1972	1552	1761	1700
0	0	0	0	400	520	15908	-358	71	91	1972	1553	1760	1701
0	0	0	0	412	396	15804	-354	70	89	1971	1554	1761	1702
0	0	0	0	448	404	15672	-358	70	102	1971	1552	1762	1701
0	0	0	0	416	552	15888	-353	74	93	1972	1554	1762	1703
0	0	0	0	388	484	15820	-363	62	77	1972	1552	1761	1699
0	0	0	0	380	496	15828	-348	68	85	1970	1552	1761	1702
0	0	0	0	360	424	15900	-357	73	98	1972	1553	1760	1701
0	0	0	0	352	520	15932	-360	68	80	1971	1554	1772	1700
0	0	0	0	368	516	15712	-356	65	89	1970	1553	1762	1702
0	0	0	0	300	532	15828	-355	75	74	1971	1552	1761	1700
0	0	0	0	364	540	15792	-366	69	88	1970	1554	1760	1701
0	0	0	0	340	452	15696	-354	58	91	1969	1553	1761	1701
0	0	0	0	400	380	15820	-358	72	100	1971	1552	1761	1702
0	0	0	0	380	644	15808	-357	70	80	1982	1553	1762	1701
0	0	0	0	380	564	15840	-368	76	94	1969	1552	1761	1701
0	0	0	0	288	496	15764	-359	59	91	1970	1546	1761	1702
0	0	0	0	412	516	15816	-355	61	99	1971	1553	1760	1702
0	0	0	0	552	560	15864	-358	69	90	1971	1554	1762	1702
0	0	0	0	348	584	15684	-362	72	83	1972	1550	1761	1702
0	0	0	0	348	552	15928	-356	73	84	1970	1553	1769	1701
0	0	0	0	396	444	15716	-352	76	87	1970	1553	1773	1702
0	0	0	0	412	568	15912	-358	69	94	1972	1554	1762	1700
0	0	0	0	340	396	15848	-364	63	82	1970	1554	1760	1701
0	0	0	0	448	452	15896	-354	60	82	1971	1552	1762	1701
0	0	0	0	484	452	15788	-355	72	96	1972	1554	1762	1702
0	0	0	0	300	512	16016	-350	75	95	1971	1554	1761	1703
0	0	0	0	408	652	15756	-355	72	92	1971	1554	1761	1702
0	0	0	0	564	516	15840	-352	69	98	1970	1553	1762	1703
0	0	0	0	388	480	15796	-353	69	91	1971	1553	1760	1702
0	0	0	0	420	560	15932	-360	73	96	1971	1553	1762	1700
0	0	0	0	344	420	15804	-360	70	96	1973	1553	1760	1702
0	0	0	0	400	408	15748	-359	59	98	1970	1553	1762	1703
0	0	0	0	336	464	15736	-352	63	94	1971	1553	1762	1702
0	0	0	0	376	580	15948	-355	66	88	1971	1554	1762	1700
0	0	0	0	436	536	15732	-350	67	98	1972	1553	1761	1702
0	0	0	0	444	480	15796	-356	72	82	1972	1553	1760	1701
0	0	0	0	528	484	15804	-352	72	92	1970	1554	1762	1702
0	0	0	0	364	520	15768	-353	64	90	1973	1551	1762	1703
0	0	0	0	416	592	15780	-350	55	88	1971	1553	1762	1701
0	0	0	0	424	504	15748	-364	62	104	1971	1553	1761	1702
0	0	0	0	372	436	15764	-350	69	81	1971	1547	1760	1702
0	0	0	0	476	428	15744	-355	68	92	1971	1553	1759	1701
0	0	0	0	436	452	15744	-351	71	88	1972	1554	1755	1702
0	0	0	0	460	516	15768	-364	70	100	1972	1552	1764	1702
0	0	0	0	364	500	15932	-358	55	83	1971	1553	1761	1702
0	0	0	0	444	572	15776	-350	69	85	1971	1553	1762	1702
0	0	0	0	468	428	15780	-351	68	92	1970	1553	1761	1701
0	0	0	0	336	460	15932	-353	65	90	1971	1563	1760	1702
0	0	0	0	364	548	15744	-359	67	78	1972	1553	1761	1701
0	0	0	0	324	520	15812	-356	68	83	1974	1554	1762	1712
0	0	0	0	528	480	15784	-358	74	92	1971	1554	1762	1702
0	0	0	0	364	500	15848	-354	61	87	1971	1562	1762	1700
0	0	0	0	356	568	15936	-354	72	95	1971	1553	1760	1703
0	0	0	0	416	504	15808	-359	65	82	1971	1553	1762	1701
0	0	0	0	432	532	16004	-348	77	93	1971	1553	1763	1702
0	0	0	0	440	432	15824	-353	66	88	1970	1554	1762	1702
0	0	0	0	380	480	15812	-352	66	79	1971	1554	1762	1701
0	0	0	0	440	484	15920	-348	69	82	1972	1553	1761	1701
0	0	0	0	388	532	15744	-357	66	106	1970	1552	1761	1700
0	0	0	0	424	456	15744	-351	52	101	1969	1553	1760	1701
0	0	0	0	416	504	15872	-354	67	80	1969	1553	1762	1701
0	0	0	0	428	596	15760	-348	60	92	1972	1552	1761	1701
0	0	0	0	408	468	15728	-356	68	90	1971	1548	1761	1701
0	0	0	0	316	388	15880	-351	68	91	1966	1552	1761	1702
0	0	0	0	400	600	15732	-353	61	82	1971	1551	1760	1702
0	0	0	0	288	504	15800	-361	61	98	1970	1553	1761	1701
0	0	0	0	404	412	15864	-366	70	76	1971	1553	1759	1702
0	0	0	0	392	412	15708	-356	67	89	1970	1553	1760	1701
0	0	0	0	324	500	15644	-364	64	95	1971	1553	1761	1701
0	0	0	0	436	496	15928	-370	76	81	1971	1553	1760	1701
0	0	0	0	468	488	15876	-358	70	88	1971	1554	1761	1700
0	0	0	0	456	568	15732	-361	70	90	1971	1552	1761	1701
0	0	0	0	424	416	15868	-353	66	90	1970	1555	1762	1702
0	0	0	0	312	444	15888	-346	64	96	1971	1553	1761	1699
0	0	0	0	424	520	15780	-352	69	96	1971	1552	1761	1701
0	0	0	0	392	272	15904	-342	76	91	1971	1553	1762	1702
0	0	0	0	356	436	15744	-364	71	101	1971	1553	1761	1701
0	0	0	0	364	532	15912	-344	61	90	1971	1553	1761	1700
0	0	0	0	360	464	15764	-359	72	100	1970	1553	1762	1701
0	0	0	0	388	452	15824	-363	63	93	1971	1552	1762	1701
0	0	0	0	332	628	15880	-357	68	81	1970	1552	1760	1702
0	0	0	0	392	480	15804	-360	60	91	1972	1554	1761	1700
0	0	0	0	420	428	15868	-362	62	75	1971	1553	1761	1700
0	0	0	0	448	544	15740	-353	72	85	1972	1553	1760	1701
0	0	0	0	356	456	15744	-358	76	90	1970	1550	1762	1701
0	0	0	0	308	536	15784	-361	68	85	1972	1551	1762	1701
0	0	0	0	396	524	15768	-357	62	92	1971	1554	1761	1701
0	0	0	0	444	456	15828	-359	67	79	1971	1552	1762	1701
0	0	0	0	452	492	15728	-358	64	92	1971	1552	1760	1702
0	0	0	0	516	448	15964	-367	47	95	1973	1553	1761	1699
0	0	0	0	476	488	15908	-353	62	95	1973	1553	1761	1702
0	0	0	0	440	460	15716	-361	51	91	1973	1554	1768	1702
0	0	0	0	368	492	15788	-361	55	77	1974	1554	1760	1701
0	0	0	0	456	572	15912	-351	54	91	1976	1554	1762	1701
0	0	0	0	400	336	15816	-364	59	93	1975	1554	1761	1701
0	0	0	0	532	412	15272	-380	21	81	1976	1555	1761	1698
0	0	0	0	436	608	15880	-369	29	93	1978	1555	1761	1702
0	0	0	0	424	552	15824	-352	49	111	1978	1555	1762	1702
0	0	0	0	524	468	15820	-359	36	76	1979	1556	1763	1699
0	0	0	0	596	492	15816	-345	52	79	1980	1556	1763	1702
0	0	0	0	460	488	15796	-356	66	91	1978	1557	1760	1702
0	0	0	0	400	640	15928	-347	61	103	1979	1557	1762	1702
0	0	0	0	360	340	15292	-350	65	125	1976	1558	1763	1702
