0	0	0	0	648	620	16120	-342	48	105	2089	1657	1761	1701
0	0	0	0	704	240	16028	-347	94	95	2089	1657	1761	1701
0	0	0	0	804	352	15684	-368	81	76	2098	1656	1759	1701
0	0	0	0	916	716	15768	-342	55	80	2088	1657	1760	1701
0	0	0	0	860	540	16084	-363	54	100	2089	1656	1761	1700
0	0	0	0	940	408	15844	-348	58	77	2089	1656	1761	1699
0	0	0	0	900	592	15828	-344	50	84	2088	1656	1756	1704
0	0	0	0	840	548	15860	-365	79	105	2088	1658	1760	1700
0	0	0	0	812	468	15744	-364	60	88	2098	1656	1759	1701
0	0	0	0	780	516	15868	-364	54	89	2088	1655	1759	1700
0	0	0	0	732	568	15792	-358	60	100	2088	1656	1759	1700
0	0	0	0	900	460	15760	-361	62	83	2088	1655	1759	1700
0	0	0	0	908	528	15836	-359	66	99	2088	1658	1761	1700
0	0	0	0	876	548	15848	-358	63	90	2088	1658	1760	1697
0	0	0	0	892	620	15896	-347	68	102	2089	1657	1760	1709
0	0	0	0	860	492	15892	-354	60	97	2087	1657	1760	1700
0	0	0	0	872	468	15944	-356	68	82	2088	1656	1763	1700
0	0	0	0	924	476	15744	-354	60	100	2084	1650	1759	1699
0	0	0	0	816	480	15612	-361	67	91	2088	1656	1759	1700
0	0	0	0	852	508	15720	-371	72	97	2089	1657	1759	1705
0	0	0	0	908	552	15804	-362	61	95	2089	1657	1759	1700
0	0	0	0	888	432	15716	-351	62	91	2088	1656	1759	1701
0	0	0	0	836	468	15996	-349	67	112	2089	1656	1758	1699
0	0	0	0	856	524	15868	-354	69	89	2089	1656	1760	1700
0	0	0	0	908	452	15716	-352	72	91	2088	1655	1754	1699
0	0	0	0	844	464	15808	-366	59	92	2088	1657	1760	1700
0	0	0	0	852	508	15812	-365	63	89	2088	1656	1760	1700
0	0	0	0	828	524	15844	-365	69	88	2088	1657	1760	1700
0	0	0	0	892	560	15776	-360	76	88	2089	1656	1757	1700
0	0	0	0	820	516	15860	-353	68	97	2088	1655	1760	1699
0	0	0	0	852	488	15804	-352	55	91	2088	1656	1761	1701
0	0	0	0	916	556	15732	-362	60	97	2095	1658	1759	1701
0	0	0	0	940	576	15816	-367	67	83	2088	1657	1760	1700
0	0	0	0	900	484	15856	-352	71	97	2088	1657	1759	1700
0	0	0	0	928	428	15784	-367	58	82	2089	1660	1759	1700
0	0	0	0	880	508	15736	-358	58	93	2088	1655	1760	1696
0	0	0	0	852	400	15700	-362	64	91	2087	1656	1759	1699
0	0	0	0	868	532	15780	-356	64	90	2088	1658	1759	1700
0	0	0	0	888	528	15676	-349	67	82	2089	1656	1760	1700
0	0	0	0	868	496	15844	-362	68	90	2083	1656	1759	1700
0	0	0	0	840	588	15736	-350	65	93	2089	1656	1760	1701
0	0	0	0	724	464	15912	-353	60	88	2089	1656	1761	1700
0	0	0	0	912	392	15852	-349	70	91	2085	1657	1760	1701
0	0	0	0	892	552	15848	-358	78	96	2089	1657	1760	1702
0	0	0	0	940	528	15928	-364	68	88	2089	1658	1758	1701
0	0	0	0	812	484	15872	-358	68	98	2089	1657	1759	1702
0	0	0	0	912	560	15832	-363	62	80	2090	1656	1759	1700
0	0	0	0	880	484	15856	-356	72	88	2088	1655	1759	1701
0	0	0	0	904	500	15704	-373	66	93	2089	1657	1760	1701
0	0	0	0	888	464	15764	-365	64	88	2089	1657	1760	1702
0	0	0	0	920	524	15712	-360	63	95	2090	1657	1756	1701
0	0	0	0	872	544	15772	-361	58	89	2087	1657	1761	1701
0	0	0	0	792	532	15732	-367	69	90	2087	1657	1759	1701
0	0	0	0	860	472	15892	-358	77	83	2087	1656	1757	1698
0	0	0	0	972	448	15616	-352	63	97	2089	1657	1760	1702
0	0	0	0	780	500	15868	-352	71	88	2089	1656	1762	1701
0	0	0	0	876	608	15792	-356	61	97	2089	1658	1760	1701
0	0	0	0	848	504	15796	-371	65	88	2089	1657	1759	1697
0	0	0	0	940	432	15912	-359	66	94	2095	1657	1763	1699
0	0	0	0	904	444	15972	-356	70	83	2088	1656	1759	1700
0	0	0	0	816	540	15840	-355	66	97	2089	1658	1762	1700
0	0	0	0	984	508	15820	-363	64	104	2087	1656	1760	1701
0	0	0	0	832	532	15724	-360	69	87	2089	1657	1759	1700
0	0	0	0	908	456	15844	-363	78	89	2087	1657	1760	1698
0	0	0	0	900	568	15804	-365	61	90	2085	1657	1760	1701
0	0	0	0	780	456	15792	-357	65	97	2095	1657	1760	1700
0	0	0	0	912	608	15784	-359	70	99	2089	1657	1760	1701
0	0	0	0	844	540	15924	-352	69	87	2089	1658	1759	1702
0	0	0	0	872	532	15820	-357	67	93	2090	1656	1759	1701
0	0	0	0	860	504	15896	-354	66	86	2089	1658	1758	1701
0	0	0	0	840	500	15788	-346	61	95	2089	1657	1760	1701
0	0	0	0	824	516	15800	-367	69	83	2088	1655	1758	1700
0	0	0	0	932	500	15668	-344	59	82	2088	1657	1760	1700
0	0	0	0	876	564	15756	-348	69	86	2088	1658	1760	1701
0	0	0	0	828	556	15916	-359	62	95	2090	1657	1759	1701
0	0	0	0	944	484	15716	-357	78	81	2087	1658	1757	1701
0	0	0	0	780	576	15760	-354	78	99	2087	1658	1757	1706
0	0	0	0	892	396	15752	-361	68	94	2087	1657	1760	1699
0	0	0	0	876	520	15936	-365	66	87	2090	1658	1760	1701
0	0	0	0	924	600	15752	-364	69	94	2097	1657	1759	1698
0	0	0	0	896	540	15868	-354	67	79	2089	1657	1758	1704
0	0	0	0	852	528	15932	-352	63	90	2089	1659	1758	1701
0	0	0	0	872	588	15692	-367	54	93	2090	1656	1758	1700
0	0	0	0	804	484	15752	-370	59	84	2088	1654	1754	1699
0	0	0	0	1036	588	15796	-355	70	89	2088	1655	1759	1701
0	0	0	0	860	516	15732	-362	57	93	2088	1657	1759	1701
0	0	0	0	960	464	15776	-360	67	87	2085	1657	1759	1700
0	0	0	0	852	524	15792	-353	70	86	2085	1656	1759	1700
0	0	0	0	936	564	15768	-374	62	84	2088	1656	1760	1700
0	0	0	0	864	508	15828	-348	71	87	2087	1655	1759	1699
0	0	0	0	908	496	15788	-355	67	91	2089	1655	1759	1700
0	0	0	0	848	548	15832	-352	59	89	2088	1658	1758	1701
0	0	0	0	976	416	15800	-361	72	92	2088	1657	1759	1700
0	0	0	0	784	524	15792	-363	68	93	2087	1654	1757	1700
0	0	0	0	904	536	15776	-360	64	100	2088	1656	1759	1698
0	0	0	0	836	556	15764	-352	69	89	2088	1654	1760	1700
0	0	0	0	788	392	15876	-359	60	98	2088	1655	1758	1698
0	0	0	0	804	516	15748	-353	51	91	2088	1658	1755	1700
0	0	0	0	836	416	15796	-353	65	88	2090	1657	1757	1700
0	0	0	0	948	492	15792	-356	65	87	2088	1656	1759	1702
0	0	0	0	856	484	15936	-357	61	94	2098	1657	1760	1700
0	0	0	0	796	480	15800	-356	67	90	2089	1655	1760	1696
0	0	0	0	880	472	15848	-363	59	90	2088	1655	1769	1702
0	0	0	0	900	512	15772	-353	63	103	2085	1658	1758	1700
0	0	0	0	872	488	15592	-354	64	88	2088	1657	1759	1695
0	0	0	0	776	468	15860	-364	63	99	2088	1655	1756	1700
0	0	0	0	928	512	15720	-359	66	95	2089	1655	1759	1700
0	0	0	0	888	484	15780	-362	69	93	2088	1654	1760	1699
0	0	0	0	852	468	15716	-353	66	89	2084	1657	1759	1700
0	0	0	0	884	396	15776	-355	67	93	2088	1658	1758	1700
0	0	0	0	784	404	15912	-360	74	97	2087	1656	1759	1701
0	0	0	0	944	524	15792	-349	61	88	2087	1656	1760	1698
0	0	0	0	880	540	15684	-343	67	100	2088	1655	1759	1700
0	0	0	0	796	468	15744	-356	62	78	2089	1657	1758	1700
0	0	0	0	896	340	15868	-366	59	89	2089	1658	1759	1701
0	0	0	0	948	464	15872	-355	81	89	2087	1656	1758	1695
0	0	0	0	872	484	15768	-356	65	95	2081	1657	1757	1700
0	0	0	0	900	400	15780	-359	65	93	2089	1652	1760	1700
0	0	0	0	784	440	15844	-348	67	86	2088	1666	1758	1698
0	0	0	0	924	400	15744	-360	66	87	2088	1655	1754	1700
0	0	0	0	952	420	15864	-355	63	93	2081	1657	1762	1701
0	0	0	0	884	488	15764	-366	65	88	2088	1657	1759	1701
0	0	0	0	848	568	15980	-352	69	92	2081	1657	1759	1700
0	0	0	0	812	596	15800	-364	61	81	2088	1657	1760	1701
0	0	0	0	852	540	15944	-360	75	94	2089	1657	1772	1700
0	0	0	0	784	500	15888	-347	60	95	2089	1658	1760	1701
0	0	0	0	948	508	15828	-360	69	88	2089	1656	1760	1698
0	0	0	0	804	428	15744	-359	61	81	2089	1660	1759	1701
0	0	0	0	920	476	15796	-358	72	82	2089	1657	1759	1700
0	0	0	0	876	640	15880	-362	64	97	2089	1657	1760	1701
0	0	0	0	916	508	15816	-344	69	93	2085	1656	1760	1700
0	0	0	0	796	548	15776	-354	70	85	2089	1657	1759	1700
0	0	0	0	792	620	15752	-366	62	90	2087	1656	1759	1699
0	0	0	0	844	464	15764	-363	55	87	2088	1659	1759	1702
0	0	0	0	844	444	15664	-363	70	95	2089	1657	1759	1701
0	0	0	0	848	476	15892	-360	67	81	2088	1657	1759	1701
0	0	0	0	856	516	15804	-363	70	97	2088	1657	1761	1702
0	0	0	0	720	500	15960	-363	64	91	2090	1656	1760	1700
0	0	0	0	988	476	15788	-371	62	88	2089	1657	1759	1702
0	0	0	0	860	544	15604	-365	59	78	2089	1656	1760	1701
0	0	0	0	928	480	15744	-354	69	98	2089	1657	1759	1700
0	0	0	0	784	544	15736	-360	63	91	2088	1656	1753	1700
0	0	0	0	784	552	15784	-352	76	94	2089	1658	1760	1701
0	0	0	0	908	488	15856	-365	71	87	2089	1655	1759	1700
0	0	0	0	844	584	15704	-367	62	84	2090	1657	1756	1700
0	0	0	0	820	500	15796	-362	58	90	2088	1660	1759	1701
0	0	0	0	920	396	15696	-355	67	94	2089	1657	1759	1700
0	0	0	0	908	500	15752	-364	73	89	2088	1658	1759	1698
0	0	0	0	812	560	15832	-362	50	92	2089	1657	1760	1695
0	0	0	0	928	484	15788	-349	71	88	2087	1656	1759	1697
0	0	0	0	932	548	15768	-351	62	97	2089	1657	1760	1701
0	0	0	0	836	500	15664	-354	76	105	2087	1657	1758	1701
0	0	0	0	812	496	15876	-363	51	91	2084	1657	1761	1701
0	0	0	0	844	540	15824	-354	65	79	2089	1657	1758	1701
0	0	0	0	872	532	15820	-361	70	90	2090	1657	1761	1700
0	0	0	0	1100	508	15640	-344	68	96	2083	1656	1759	1702
0	0	0	0	936	584	15704	-352	66	88	2089	1658	1760	1701
0	0	0	0	852	548	15624	-356	64	93	2090	1659	1759	1701
0	0	0	0	860	532	15840	-366	62	92	2089	1657	1759	1701
0	0	0	0	940	536	15704	-367	56	84	2088	1656	1760	1701
0	0	0	0	820	436	15848	-356	58	97	2089	1657	1760	1701
0	0	0	0	832	540	15776	-361	73	86	2086	1657	1758	1700
0	0	0	0	832	548	15708	-353	68	89	2089	1656	1759	1701
0	0	0	0	776	480	15856	-363	74	94	2088	1656	1756	1699
0	0	0	0	792	508	15576	-344	70	90	2087	1657	1757	1694
0	0	0	0	868	524	15904	-367	69	88	2088	1657	1758	1700
0	0	0	0	952	548	15820	-355	73	92	2089	1655	1754	1699
0	0	0	0	892	628	15744	-353	64	96	2088	1655	1757	1700
0	0	0	0	908	556	15812	-351	61	93	2088	1658	1758	1700
0	0	0	0	844	492	15684	-349	71	89	2088	1659	1758	1700
0	0	0	0	888	532	15836	-345	70	85	2087	1657	1758	1696
0	0	0	0	860	428	15804	-355	79	91	2087	1656	1759	1700
0	0	0	0	772	464	15800	-355	64	100	2089	1656	1759	1699
0	0	0	0	924	476	15868	-356	74	99	2087	1656	1759	1700
0	0	0	0	868	512	15776	-363	69	89	2090	1656	1759	1700
0	0	0	0	940	520	15684	-360	61	92	2088	1657	1759	1701
0	0	0	0	956	496	15760	-364	61	85	2090	1656	1759	1700
0	0	0	0	924	572	15796	-365	74	94	2084	1657	1758	1700
0	0	0	0	880	448	15864	-350	70	81	2088	1656	1760	1700
0	0	0	0	844	520	15812	-355	63	98	2088	1654	1758	1700
0	0	0	0	896	424	15812	-362	64	88	2088	1657	1759	1701
0	0	0	0	880	460	15868	-361	68	90	2088	1657	1757	1700
0	0	0	0	868	396	15852	-374	71	84	2097	1657	1759	1700
0	0	0	0	828	432	15916	-360	70	88	2085	1657	1758	1702
0	0	0	0	964	520	15736	-365	68	103	2089	1654	1758	1700
0	0	0	0	840	532	15824	-373	75	89	2089	1656	1758	1699
0	0	0	0	820	544	15776	-359	67	86	2090	1655	1760	1700
0	0	0	0	928	448	15928	-357	64	98	2089	1657	1758	1698
0	0	0	0	896	496	15792	-356	61	95	2089	1657	1754	1700
0	0	0	0	820	536	15784	-362	61	84	2089	1658	1757	1701
0	0	0	0	860	532	15724	-349	68	88	2084	1656	1757	1699
0	0	0	0	844	524	15840	-357	64	91	2087	1656	1757	1700
0	0	0	0	860	456	15808	-349	70	86	2084	1656	1760	1695
0	0	0	0	916	500	15868	-376	70	95	2088	1658	1759	1700
0	0	0	0	884	432	15804	-363	61	97	2088	1657	1758	1700
0	0	0	0	928	556	15676	-362	59	89	2087	1657	1759	1697
0	0	0	0	736	476	15908	-360	58	95	2087	1656	1764	1700
0	0	0	0	896	428	15664	-354	64	91	2087	1655	1758	1699
0	0	0	0	936	408	15768	-364	74	106	2087	1657	1759	1699
0	0	0	0	836	576	15848	-359	64	93	2084	1657	1757	1702
0	0	0	0	912	588	15812	-339	65	92	2097	1657	1757	1700
0	0	0	0	848	524	15800	-370	69	97	2088	1656	1757	1700
0	0	0	0	852	412	15772	-359	59	83	2089	1656	1759	1701
0	0	0	0	904	488	15820	-365	66	96	2088	1655	1759	1700
0	0	0	0	976	508	15936	-357	62	86	2089	1658	1759	1700
0	0	0	0	844	460	15796	-361	79	95	2088	1660	1759	1701
0	0	0	0	784	568	15940	-361	76	101	2089	1656	1758	1700
0	0	0	0	832	520	15792	-355	71	93	2088	1657	1759	1700
0	0	0	0	900	432	15792	-365	71	100	2089	1655	1760	1700
0	0	0	0	804	536	15724	-367	66	92	2087	1656	1759	1700
0	0	0	0	852	444	15880	-348	67	90	2089	1657	1756	1702
0	0	0	0	944	616	15760	-364	79	90	2089	1657	1757	1702
0	0	0	0	892	432	15764	-361	61	90	2089	1657	1759	1700
0	0	0	0	832	444	15752	-360	55	95	2089	1657	1760	1701
0	0	0	0	840	468	15796	-354	68	79	2088	1657	1760	1698
0	0	0	0	900	448	15736	-359	71	91	2089	1655	1758	1700
0	0	0	0	916	472	15908	-357	73	91	2089	1658	1760	1701
0	0	0	0	872	540	15804	-359	65	98	2088	1659	1760	1697
0	0	0	0	816	440	15832	-363	70	95	2089	1657	1759	1700
0	0	0	0	848	492	15916	-368	72	100	2089	1657	1758	1700
0	0	0	0	884	552	15880	-349	65	96	2089	1657	1762	1701
0	0	0	0	864	576	15760	-370	56	90	2083	1657	1759	1700
0	0	0	0	868	508	15720	-364	75	99	2089	1656	1759	1701
0	0	0	0	716	428	15812	-366	68	92	2089	1656	1754	1700
0	0	0	0	792	356	15696	-358	64	95	2089	1657	1758	1701
0	0	0	0	912	484	15884	-352	55	90	2088	1657	1759	1701
0	0	0	0	916	488	15864	-351	67	86	2089	1657	1755	1699
0	0	0	0	780	612	15708	-348	67	85	2088	1656	1759	1701
0	0	0	0	836	496	15872	-358	58	92	2080	1657	1759	1700
0	0	0	0	828	540	15780	-356	73	94	2088	1657	1759	1711
0	0	0	0	892	556	15692	-363	69	90	2089	1657	1760	1701
0	0	0	0	856	556	15864	-367	69	88	2088	1657	1760	1702
0	0	0	0	900	532	15852	-367	66	95	2098	1656	1757	1700
0	0	0	0	840	452	15816	-364	76	86	2087	1657	1760	1700
0	0	0	0	904	520	15828	-365	83	89	2089	1660	1759	1701
0	0	0	0	860	508	15712	-358	67	95	2088	1659	1759	1702
0	0	0	0	884	480	15836	-357	70	96	2091	1657	1757	1699
0	0	0	0	888	524	15640	-354	62	82	2089	1657	1759	1701
0	0	0	0	884	548	15804	-358	56	89	2090	1657	1760	1700
0	0	0	0	936	480	15836	-360	64	96	2089	1657	1758	1697
0	0	0	0	904	536	15944	-370	66	93	2089	1658	1760	1700
0	0	0	0	908	536	15828	-356	61	72	2089	1656	1759	1701
0	0	0	0	912	500	15804	-351	61	97	2086	1656	1759	1699
0	0	0	0	856	492	15812	-357	62	93	2083	1657	1759	1701
0	0	0	0	800	516	15696	-359	80	86	2088	1655	1760	1700
0	0	0	0	896	440	15788	-364	69	89	2088	1656	1759	1698
0	0	0	0	1008	456	15964	-358	69	91	2093	1657	1758	1700
0	0	0	0	924	464	15784	-357	71	82	2088	1657	1758	1701
0	0	0	0	940	436	15756	-358	63	80	2089	1657	1759	1698
0	0	0	0	864	544	15816	-364	76	91	2088	1656	1758	1702
0	0	0	0	836	428	15776	-355	74	86	2089	1655	1758	1699
0	0	0	0	932	488	15864	-366	71	95	2088	1655	1757	1700
0	0	0	0	900	416	15676	-365	58	81	2088	1657	1758	1700
0	0	0	0	836	484	15776	-358	60	95	2088	1657	1758	1699
0	0	0	0	992	480	15800	-355	53	97	2089	1656	1754	1699
0	0	0	0	932	404	15776	-354	56	88	2088	1655	1760	1700
0	0	0	0	876	572	15832	-345	73	98	2085	1656	1760	1700
0	0	0	0	868	480	15872	-357	68	92	2086	1656	1755	1699
0	0	0	0	896	524	15844	-361	69	101	2087	1657	1757	1699
0	0	0	0	884	584	15848	-366	66	89	2089	1656	1758	1701
0	0	0	0	804	460	15792	-366	71	99	2088	1658	1758	1700
0	0	0	0	884	572	15908	-355	57	81	2087	1656	1758	1697
0	0	0	0	968	456	15748	-360	58	98	2090	1656	1761	1700
0	0	0	0	940	524	15852	-362	57	96	2088	1655	1753	1701
0	0	0	0	664	564	15900	-351	79	89	2086	1656	1757	1698
0	0	0	0	904	468	15676	-367	59	95	2083	1658	1759	1700
0	0	0	0	976	508	15592	-351	63	89	2089	1656	1758	1700
0	0	0	0	812	520	15776	-363	59	97	2085	1656	1760	1700
0	0	0	0	884	480	15836	-357	56	96	2083	1656	1759	1700
0	0	0	0	964	536	15800	-354	66	93	2085	1656	1759	1699
0	0	0	0	992	408	15968	-351	77	93	2092	1655	1759	1700
0	0	0	0	1004	416	15828	-358	68	91	2088	1656	1757	1701
0	0	0	0	868	460	15620	-366	67	81	2089	1657	1758	1700
0	0	0	0	964	504	15780	-359	66	86	2089	1656	1758	1701
0	0	0	0	924	488	15848	-360	56	92	2089	1657	1758	1700
0	0	0	0	912	528	15720	-360	66	98	2087	1656	1758	1700
0	0	0	0	940	488	15832	-361	56	98	2088	1657	1759	1699
0	0	0	0	968	520	15720	-354	72	84	2087	1658	1759	1699
0	0	0	0	796	444	15808	-360	75	92	2087	1656	1758	1700
0	0	0	0	836	564	15664	-355	59	90	2087	1657	1755	1700
0	0	0	0	788	524	15736	-367	70	86	2085	1658	1757	1700
0	0	0	0	904	576	15896	-360	57	93	2086	1656	1759	1699
0	0	0	0	972	568	15832	-356	62	94	2090	1658	1759	1702
0	0	0	0	800	552	15740	-356	76	87	2088	1656	1758	1698
0	0	0	0	836	564	15812	-365	73	90	2089	1658	1759	1701
0	0	0	0	840	532	15772	-358	79	90	2088	1658	1758	1701
0	0	0	0	872	516	15808	-360	54	94	2089	1657	1759	1701
0	0	0	0	940	480	15724	-354	61	82	2088	1656	1759	1700
0	0	0	0	832	544	15884	-359	65	88	2089	1657	1760	1701
0	0	0	0	876	444	15760	-354	69	89	2089	1659	1760	1700
0	0	0	0	816	676	15764	-350	72	95	2078	1657	1758	1700
0	0	0	0	804	428	15920	-364	58	89	2088	1657	1759	1702
0	0	0	0	872	448	15752	-353	68	89	2090	1657	1760	1701
0	0	0	0	892	456	15860	-362	67	88	2088	1657	1759	1700
0	0	0	0	992	588	15840	-356	67	98	2089	1655	1760	1701
0	0	0	0	880	516	15740	-359	82	96	2088	1657	1760	1701
0	0	0	0	888	552	15672	-361	66	82	2088	1658	1759	1702
0	0	0	0	868	532	15864	-360	61	87	2088	1656	1760	1702
0	0	0	0	924	452	15764	-357	66	92	2089	1656	1759	1702
0	0	0	0	844	480	15784	-375	64	82	2088	1656	1760	1701
0	0	0	0	812	408	15676	-365	67	86	2090	1657	1754	1701
0	0	0	0	884	520	15800	-369	75	87	2088	1659	1756	1698
0	0	0	0	840	488	15684	-364	73	99	2089	1656	1757	1701
0	0	0	0	896	492	15744	-361	55	84	2089	1657	1759	1702
0	0	0	0	904	420	15872	-365	61	93	2088	1658	1762	1700
0	0	0	0	848	464	15620	-354	67	100	2087	1661	1757	1696
0	0	0	0	844	492	15888	-353	66	95	2089	1657	1760	1697
0	0	0	0	856	404	15864	-353	66	94	2088	1659	1759	1702
0	0	0	0	908	496	15764	-359	67	100	2088	1658	1758	1697
0	0	0	0	792	548	15576	-353	59	89	2088	1657	1757	1700
0	0	0	0	864	384	15720	-356	62	94	2090	1657	1759	1700
0	0	0	0	956	420	15688	-357	70	92	2089	1656	1759	1700
0	0	0	0	868	480	15812	-358	62	86	2084	1658	1759	1702
0	0	0	0	928	460	15784	-346	79	95	2088	1659	1760	1701
0	0	0	0	884	504	15644	-349	73	87	2089	1657	1758	1700
0	0	0	0	968	464	15796	-362	57	90	2088	1657	1760	1701
0	0	0	0	816	500	15768	-354	69	92	2089	1656	1760	1701
0	0	0	0	868	424	15704	-353	72	95	2087	1657	1759	1700
0	0	0	0	828	428	15612	-354	64	81	2089	1656	1759	1702
0	0	0	0	976	572	15884	-360	75	85	2089	1658	1759	1700
0	0	0	0	832	436	15868	-357	66	85	2091	1657	1759	1700
0	0	0	0	888	524	15816	-363	65	86	2088	1658	1760	1701
0	0	0	0	896	504	15828	-340	61	102	2089	1656	1761	1691
0	0	0	0	776	452	15812	-362	62	97	2088	1656	1755	1700
0	0	0	0	868	456	15720	-364	67	91	2088	1657	1760	1695
0	0	0	0	892	476	15764	-361	75	83	2088	1658	1759	1700
0	0	0	0	948	508	15760	-357	67	84	2088	1657	1755	1700
0	0	0	0	912	584	15864	-361	58	92	2086	1656	1757	1700
0	0	0	0	824	500	15788	-355	76	90	2088	1656	1759	1700
0	0	0	0	888	500	15788	-364	75	94	2087	1657	1758	1699
0	0	0	0	884	440	15724	-364	68	96	2088	1656	1758	1697
0	0	0	0	904	548	15864	-362	80	90	2086	1657	1758	1701
0	0	0	0	848	516	15856	-354	81	92	2088	1658	1759	1700
0	0	0	0	932	520	15584	-358	58	85	2089	1656	1759	1700
0	0	0	0	892	476	15996	-353	71	90	2093	1655	1758	1700
0	0	0	0	912	508	15788	-349	63	82	2089	1655	1757	1700
0	0	0	0	856	552	15804	-360	64	90	2089	1657	1759	1699
0	0	0	0	836	532	15752	-350	74	99	2088	1663	1759	1701
0	0	0	0	872	484	15808	-359	67	95	2089	1656	1758	1700
0	0	0	0	936	472	15844	-348	69	91	2087	1656	1760	1709
0	0	0	0	880	460	15860	-352	70	92	2087	1656	1769	1702
0	0	0	0	920	532	15812	-349	57	96	2087	1656	1759	1700
0	0	0	0	848	568	15728	-349	63	86	2088	1656	1758	1701
0	0	0	0	812	456	15972	-357	66	88	2089	1657	1760	1701
0	0	0	0	820	640	15584	-360	61	83	2089	1657	1758	1700
0	0	0	0	892	492	15780	-363	56	92	2089	1656	1755	1700
0	0	0	0	844	516	15856	-343	72	93	2088	1656	1760	1700
0	0	0	0	884	632	15820	-351	65	92	2089	1655	1757	1700
0	0	0	0	796	540	15724	-358	66	86	2087	1656	1754	1699
0	0	0	0	832	496	15764	-359	61	94	2088	1657	1757	1700
0	0	0	0	928	476	15648	-362	59	86	2089	1656	1758	1700
0	0	0	0	860	412	15772	-359	70	87	2087	1658	1760	1700
0	0	0	0	924	476	15620	-362	67	82	2087	1656	1760	1700
0	0	0	0	816	556	15844	-359	82	79	2087	1657	1758	1700
0	0	0	0	868	460	15756	-360	81	91	2088	1657	1757	1696
0	0	0	0	928	524	15896	-354	71	86	2088	1657	1759	1701
0	0	0	0	916	404	15860	-362	57	98	2085	1657	1758	1700
0	0	0	0	776	472	15880	-353	75	94	2088	1656	1757	1700
0	0	0	0	820	512	15696	-365	76	93	2088	1656	1759	1700
0	0	0	0	916	460	15976	-355	68	86	2083	1655	1758	1700
0	0	0	0	864	508	15796	-358	61	95	2088	1657	1759	1700
0	0	0	0	844	500	15752	-361	70	90	2088	1658	1758	1700
0	0	0	0	944	576	15792	-353	58	93	2082	1657	1759	1701
0	0	0	0	820	444	15908	-358	69	88	2088	1656	1759	1702
0	0	0	0	880	476	15804	-358	62	92	2090	1657	1761	1701
0	0	0	0	864	572	15916	-359	64	87	2087	1656	1759	1700
0	0	0	0	896	532	15852	-362	60	90	2089	1657	1759	1701
0	0	0	0	964	356	15680	-359	66	84	2089	1657	1755	1702
0	0	0	0	880	460	15916	-341	58	90	2089	1658	1760	1700
0	0	0	0	940	552	15704	-362	67	93	2090	1657	1758	1701
0	0	0	0	844	504	15640	-357	62	96	2089	1657	1756	1700
0	0	0	0	848	372	15744	-358	68	91	2088	1656	1757	1700
0	0	0	0	948	408	15916	-336	58	96	2089	1657	1760	1701
0	0	0	0	888	560	15920	-352	63	92	2088	1659	1760	1702
0	0	0	0	868	492	15792	-345	59	94	2089	1658	1759	1697
0	0	0	0	804	516	15688	-362	66	103	2089	1657	1758	1700
0	0	0	0	888	524	15756	-367	62	103	2089	1657	1760	1700
0	0	0	0	896	508	15880	-353	71	88	2087	1656	1759	1700
0	0	0	0	888	500	15828	-364	54	95	2088	1658	1768	1701
0	0	0	0	908	616	15840	-350	73	89	2088	1658	1759	1702
0	0	0	0	852	468	15724	-352	76	89	2089	1657	1759	1700
0	0	0	0	880	508	15720	-364	63	94	2084	1657	1758	1701
0	0	0	0	892	428	15700	-363	70	88	2089	1653	1759	1700
0	0	0	0	804	500	15856	-365	76	99	2088	1657	1758	1701
0	0	0	0	788	460	15748	-363	84	102	2088	1657	1768	1702
0	0	0	0	836	528	15840	-352	62	82	2089	1668	1760	1712
0	0	0	0	916	480	15868	-353	73	93	2089	1658	1759	1701
0	0	0	0	796	608	15664	-352	61	82	2087	1656	1758	1700
0	0	0	0	900	488	15860	-350	85	75	2098	1657	1759	1701
0	0	0	0	840	512	15768	-351	63	89	2087	1657	1760	1698
0	0	0	0	840	588	15812	-367	66	77	2086	1656	1760	1700
0	0	0	0	812	624	15736	-371	68	88	2089	1658	1759	1701
0	0	0	0	856	444	15780	-356	75	87	2089	1657	1755	1701
0	0	0	0	844	424	15768	-360	64	82	2089	1658	1757	1701
0	0	0	0	872	500	15752	-349	64	88	2089	1656	1759	1701
0	0	0	0	948	576	15580	-350	54	93	2090	1656	1758	1700
0	0	0	0	920	496	15788	-359	74	90	2088	1657	1760	1698
0	0	0	0	760	456	15844	-356	65	101	2088	1658	1758	1702
0	0	0	0	864	516	15824	-363	69	92	2096	1659	1759	1701
0	0	0	0	932	452	15772	-348	64	101	2087	1656	1758	1697
0	0	0	0	884	624	15672	-354	64	85	2088	1656	1760	1701
0	0	0	0	824	592	15784	-354	74	94	2087	1657	1759	1699
0	0	0	0	840	484	15804	-355	71	91	2089	1657	1760	1701
0	0	0	0	916	488	15920	-346	65	84	2084	1657	1758	1702
0	0	0	0	804	584	15804	-357	68	80	2092	1657	1758	1700
0	0	0	0	912	372	15888	-351	74	87	2088	1657	1758	1701
0	0	0	0	856	720	15596	-358	74	103	2089	1656	1758	1698
0	0	0	0	908	476	15676	-350	63	90	2087	1654	1757	1700
0	0	0	0	916	428	15772	-341	61	93	2089	1656	1759	1700
0	0	0	0	876	432	15884	-360	65	101	2085	1656	1755	1701
0	0	0	0	828	520	15904	-357	63	87	2088	1656	1758	1700
0	0	0	0	828	476	15612	-350	74	82	2087	1656	1759	1709
0	0	0	0	984	484	15772	-343	68	89	2089	1657	1760	1700
0	0	0	0	928	516	15772	-356	59	94	2087	1656	1758	1699
0	0	0	0	844	468	15724	-363	63	90	2088	1656	1755	1701
0	0	0	0	884	492	15816	-351	75	99	2087	1657	1757	1701
0	0	0	0	884	552	15884	-357	57	88	2090	1657	1758	1700
0	0	0	0	824	556	15740	-351	72	90	2089	1656	1759	1694
0	0	0	0	892	488	15816	-366	60	95	2089	1656	1757	1697
0	0	0	0	936	472	15772	-360	66	86	2088	1655	1757	1700
0	0	0	0	848	476	15724	-358	71	93	2088	1658	1759	1700
0	0	0	0	980	500	15756	-355	64	97	2088	1657	1758	1697
0	0	0	0	828	432	15800	-349	57	99	2089	1657	1758	1700
0	0	0	0	856	480	15744	-365	72	82	2087	1657	1759	1701
0	0	0	0	888	420	15704	-364	53	98	2088	1656	1761	1700
0	0	0	0	812	528	15840	-362	62	94	2079	1656	1757	1698
0	0	0	0	956	440	15748	-366	72	98	2088	1656	1759	1701
0	0	0	0	1020	468	15816	-350	67	87	2087	1656	1758	1701
0	0	0	0	864	504	15928	-357	61	92	2089	1657	1759	1700
0	0	0	0	816	496	15760	-363	67	78	2088	1655	1757	1699
0	0	0	0	892	420	15700	-347	70	91	2089	1656	1759	1699
0	0	0	0	876	500	15812	-359	66	93	2088	1655	1757	1701
0	0	0	0	848	496	15832	-363	66	95	2088	1656	1759	1699
0	0	0	0	892	448	15832	-361	70	98	2087	1657	1758	1701
0	0	0	0	792	412	15948	-362	59	96	2086	1657	1760	1700
0	0	0	0	804	476	15584	-359	67	93	2087	1656	1759	1700
0	0	0	0	832	476	15796	-358	75	87	2088	1655	1765	1700
0	0	0	0	860	500	15816	-354	61	87	2087	1656	1760	1699
0	0	0	0	932	488	15848	-355	79	90	2088	1655	1760	1701
0	0	0	0	768	508	15992	-359	64	97	2088	1655	1760	1700
0	0	0	0	908	364	15800	-355	72	97	2097	1657	1757	1700
0	0	0	0	788	476	15652	-360	69	94	2088	1655	1756	1699
0	0	0	0	788	400	15844	-365	74	85	2088	1658	1759	1701
0	0	0	0	932	432	15788	-368	55	93	2089	1656	1758	1697
0	0	0	0	924	444	15864	-364	73	97	2089	1658	1759	1700
0	0	0	0	860	508	15704	-365	66	92	2088	1658	1759	1702
0	0	0	0	856	452	15820	-360	68	101	2098	1657	1760	1701
0	0	0	0	936	548	15880	-358	68	93	2083	1657	1760	1701
0	0	0	0	924	512	15696	-363	76	90	2089	1657	1760	1701
0	0	0	0	876	484	15796	-363	67	86	2087	1657	1761	1700
0	0	0	0	904	436	15704	-352	61	100	2083	1658	1759	1700
0	0	0	0	768	540	15848	-361	62	103	2088	1657	1759	1701
0	0	0	0	788	456	15724	-362	70	92	2089	1657	1755	1704
0	0	0	0	848	472	15820	-354	64	93	2088	1657	1758	1702
0	0	0	0	752	520	15788	-354	69	87	2088	1656	1758	1702
0	0	0	0	940	376	15756	-358	64	97	2089	1655	1758	1701
0	0	0	0	876	420	15680	-360	72	96	2088	1658	1759	1701
0	0	0	0	888	432	15752	-350	57	91	2089	1658	1759	1703
0	0	0	0	908	608	15632	-362	73	88	2083	1656	1755	1700
0	0	0	0	900	432	15656	-352	56	88	2089	1657	1760	1701
0	0	0	0	884	528	15788	-360	60	87	2088	1656	1760	1701
0	0	0	0	840	564	15680	-371	70	97	2088	1657	1755	1699
0	0	0	0	928	508	15772	-349	66	82	2089	1657	1760	1702
0	0	0	0	932	508	15692	-356	65	98	2088	1658	1759	1701
0	0	0	0	812	580	15920	-361	63	94	2089	1659	1759	1700
0	0	0	0	752	468	15868	-348	70	94	2088	1657	1757	1696
0	0	0	0	892	560	15744	-368	57	89	2089	1657	1762	1700
0	0	0	0	884	456	15824	-361	78	99	2088	1656	1758	1700
0	0	0	0	956	516	15820	-358	81	92	2087	1658	1759	1701
0	0	0	0	876	596	15572	-351	74	84	2084	1658	1759	1701
0	0	0	0	888	468	15664	-367	59	87	2087	1657	1758	1701
0	0	0	0	920	508	15800	-350	66	101	2088	1657	1759	1697
0	0	0	0	908	608	15828	-361	69	97	2084	1657	1759	1701
0	0	0	0	832	572	15736	-359	60	77	2089	1656	1760	1700
0	0	0	0	796	452	15808	-356	86	88	2090	1655	1759	1701
0	0	0	0	848	548	15776	-355	70	86	2089	1657	1758	1703
0	0	0	0	836	500	15876	-358	60	86	2088	1657	1759	1700
0	0	0	0	828	380	15732	-356	67	86	2089	1657	1757	1701
0	0	0	0	876	528	15808	-353	58	98	2090	1657	1769	1700
0	0	0	0	856	412	15800	-355	52	85	2088	1655	1760	1701
0	0	0	0	812	552	15824	-358	53	88	2089	1657	1759	1701
0	0	0	0	828	456	15812	-343	65	86	2088	1658	1760	1702
0	0	0	0	828	480	15868	-366	63	93	2089	1656	1758	1700
0	0	0	0	888	504	16004	-370	69	87	2087	1657	1755	1700
0	0	0	0	940	516	15736	-351	68	94	2088	1656	1760	1700
0	0	0	0	904	536	15880	-356	72	94	2087	1656	1758	1700
0	0	0	0	952	508	15876	-358	66	86	2088	1657	1759	1700
0	0	0	0	848	512	15804	-375	60	97	2088	1657	1758	1697
0	0	0	0	912	488	15956	-353	72	98	2088	1657	1758	1700
0	0	0	0	856	408	15776	-360	71	90	2088	1652	1757	1700
0	0	0	0	852	476	15848	-352	56	96	2088	1656	1757	1700
0	0	0	0	964	472	15856	-362	65	87	2087	1656	1762	1700
0	0	0	0	844	460	15888	-350	72	80	2089	1657	1758	1700
0	0	0	0	868	528	15652	-349	64	85	2086	1658	1760	1700
0	0	0	0	808	468	15800	-351	63	87	2084	1656	1758	1699
0	0	0	0	912	480	15708	-354	62	91	2088	1656	1759	1701
0	0	0	0	936	532	15792	-370	70	87	2088	1657	1759	1701
0	0	0	0	816	552	15820	-372	77	80	2087	1657	1759	1700
0	0	0	0	888	584	15804	-356	79	86	2088	1655	1763	1701
0	0	0	0	936	412	15784	-357	69	89	2088	1657	1758	1701
0	0	0	0	940	508	15780	-360	64	98	2089	1657	1758	1701
0	0	0	0	868	496	15700	-374	71	90	2088	1656	1758	1700
0	0	0	0	884	528	15728	-359	74	88	2089	1656	1758	1700
0	0	0	0	884	492	15652	-355	59	93	2088	1655	1760	1700
0	0	0	0	888	480	15784	-360	66	96	2089	1657	1758	1700
0	0	0	0	992	644	15692	-349	67	95	2088	1658	1755	1699
0	0	0	0	820	556	16072	-348	78	86	2088	1656	1757	1700
0	0	0	0	904	524	15744	-351	79	98	2087	1657	1759	1701
0	0	0	0	892	432	15824	-369	72	89	2089	1657	1759	1700
0	0	0	0	796	448	15936	-346	63	84	2088	1656	1759	1708
0	0	0	0	948	404	15740	-363	67	96	2088	1657	1759	1701
0	0	0	0	912	500	15724	-358	78	85	2088	1659	1758	1702
0	0	0	0	916	376	15828	-353	76	95	2088	1657	1758	1696
0	0	0	0	820	456	15792	-356	72	98	2089	1656	1758	1700
0	0	0	0	884	516	15880	-365	79	82	2089	1656	1758	1700
0	0	0	0	840	436	15768	-357	61	90	2087	1656	1759	1700
0	0	0	0	864	364	15836	-360	62	91	2084	1658	1759	1700
0	0	0	0	888	520	15860	-361	77	88	2088	1658	1758	1700
0	0	0	0	828	456	15848	-371	79	92	2098	1656	1754	1699
0	0	0	0	992	504	15860	-364	65	86	2087	1656	1759	1701
0	0	0	0	908	576	15812	-358	62	98	2088	1656	1759	1700
0	0	0	0	904	368	15944	-356	61	79	2089	1655	1758	1700
0	0	0	0	900	572	15732	-356	70	93	2089	1657	1760	1703
0	0	0	0	852	488	15604	-355	58	100	2088	1655	1757	1700
0	0	0	0	876	508	15828	-358	67	100	2088	1657	1759	1701
0	0	0	0	800	520	15652	-359	71	81	2089	1658	1760	1701
0	0	0	0	876	456	15752	-353	74	89	2091	1657	1757	1700
0	0	0	0	880	500	15868	-355	72	102	2088	1656	1756	1702
0	0	0	0	1024	412	15696	-361	67	87	2088	1657	1760	1701
0	0	0	0	976	472	16020	-359	64	83	2088	1657	1759	1701
0	0	0	0	760	468	15984	-358	66	102	2086	1655	1755	1700
0	0	0	0	896	500	16012	-352	60	82	2088	1658	1757	1702
0	0	0	0	812	464	15900	-355	57	93	2093	1658	1760	1701
0	0	0	0	828	444	15852	-357	69	92	2088	1657	1759	1699
0	0	0	0	976	492	15812	-362	58	93	2084	1657	1759	1699
0	0	0	0	860	512	15704	-365	67	93	2088	1657	1759	1701
0	0	0	0	876	536	15812	-355	61	87	2083	1657	1758	1700
0	0	0	0	820	616	15856	-357	68	97	2087	1658	1759	1701
0	0	0	0	940	508	15768	-351	69	93	2084	1657	1759	1700
0	0	0	0	800	416	15752	-349	63	92	2088	1655	1758	1700
0	0	0	0	932	400	15692	-353	55	96	2089	1657	1760	1700
0	0	0	0	816	484	15768	-366	69	87	2087	1658	1759	1700
0	0	0	0	948	500	15792	-357	75	94	2089	1657	1758	1701
0	0	0	0	844	472	15800	-360	57	93	2087	1657	1759	1702
0	0	0	0	772	428	15820	-368	54	105	2090	1656	1759	1700
0	0	0	0	884	504	15792	-357	65	90	2088	1656	1759	1699
0	0	0	0	820	556	15692	-358	69	91	2089	1657	1759	1701
0	0	0	0	844	500	15748	-356	74	96	2089	1660	1760	1701
0	0	0	0	840	468	15704	-359	72	88	2089	1657	1758	1701
0	0	0	0	912	552	15752	-360	63	90	2089	1657	1755	1701
0	0	0	0	944	536	15776	-361	59	97	2089	1657	1760	1701
0	0	0	0	904	532	15812	-353	63	79	2091	1657	1760	1700
0	0	0	0	852	392	15832	-359	68	84	2089	1657	1756	1700
0	0	0	0	832	444	15812	-356	79	88	2089	1659	1759	1701
0	0	0	0	836	412	15656	-359	73	86	2089	1657	1759	1701
0	0	0	0	924	496	15808	-356	71	89	2088	1659	1759	1701
0	0	0	0	884	572	15760	-363	71	95	2088	1656	1761	1697
0	0	0	0	896	516	15928	-363	69	85	2087	1657	1758	1699
0	0	0	0	844	552	15828	-354	69	87	2088	1656	1763	1701
0	0	0	0	908	552	15764	-360	70	100	2088	1656	1758	1700
0	0	0	0	900	564	15732	-361	61	89	2084	1657	1759	1700
0	0	0	0	920	408	15780	-354	70	98	2089	1656	1758	1702
0	0	0	0	900	476	15928	-358	76	98	2090	1656	1759	1699
0	0	0	0	872	480	15868	-357	71	91	2084	1655	1757	1699
0	0	0	0	816	584	15708	-358	78	89	2088	1657	1759	1700
0	0	0	0	812	516	15752	-351	77	87	2088	1657	1758	1700
0	0	0	0	908	496	15776	-361	57	96	2089	1657	1758	1701
0	0	0	0	976	452	15832	-359	72	98	2087	1656	1759	1700
0	0	0	0	956	528	15864	-360	63	90	2088	1656	1759	1700
0	0	0	0	880	436	15692	-361	74	80	2087	1656	1759	1699
0	0	0	0	988	404	15724	-368	72	86	2089	1657	1759	1700
0	0	0	0	908	552	15832	-365	64	90	2088	1657	1754	1701
0	0	0	0	1032	484	15812	-362	64	86	2088	1658	1760	1700
0	0	0	0	780	540	15840	-361	61	98	2088	1656	1758	1700
0	0	0	0	940	504	15824	-355	72	88	2089	1657	1759	1700
0	0	0	0	816	588	15828	-369	65	94	2088	1655	1757	1700
0	0	0	0	804	544	15768	-365	68	89	2088	1657	1759	1700
0	0	0	0	880	540	15816	-348	61	98	2088	1658	1759	1700
0	0	0	0	860	636	15788	-354	61	86	2089	1656	1758	1697
0	0	0	0	840	456	15820	-355	63	91	2087	1656	1759	1702
0	0	0	0	852	544	15804	-354	63	87	2088	1656	1760	1700
0	0	0	0	984	512	15820	-362	64	84	2086	1656	1759	1698
0	0	0	0	844	572	15844	-363	62	92	2088	1655	1759	1700
0	0	0	0	852	504	15988	-359	78	90	2088	1658	1759	1701
0	0	0	0	948	480	15720	-364	65	91	2089	1657	1759	1700
0	0	0	0	916	352	15888	-350	63	91	2084	1656	1759	1700
0	0	0	0	900	556	15828	-365	72	90	2089	1656	1759	1700
0	0	0	0	772	540	15788	-360	72	97	2089	1656	1759	1700
0	0	0	0	964	436	15708	-367	85	93	2087	1657	1758	1701
0	0	0	0	900	468	15840	-367	63	95	2087	1657	1758	1701
0	0	0	0	920	408	15812	-353	65	91	2089	1657	1758	1699
0	0	0	0	836	460	15820	-357	57	87	2087	1657	1758	1702
0	0	0	0	864	388	15756	-367	62	100	2088	1655	1758	1700
0	0	0	0	884	404	15964	-346	61	96	2087	1656	1759	1699
0	0	0	0	916	528	15900	-356	61	87	2089	1656	1760	1700
0	0	0	0	816	512	15848	-362	59	92	2089	1657	1758	1701
0	0	0	0	856	516	15844	-354	65	90	2093	1657	1755	1700
0	0	0	0	848	552	15872	-355	68	90	2089	1657	1757	1700
0	0	0	0	864	368	15828	-357	72	95	2089	1657	1759	1700
0	0	0	0	872	520	15832	-352	58	86	2088	1656	1757	1700
0	0	0	0	952	456	15752	-357	66	91	2088	1657	1757	1696
0	0	0	0	988	484	15716	-358	61	81	2087	1658	1757	1700
0	0	0	0	956	488	15660	-360	68	94	2090	1658	1759	1700
0	0	0	0	864	472	15836	-361	70	90	2088	1657	1760	1697
0	0	0	0	928	580	15756	-349	60	89	2090	1658	1761	1701
0	0	0	0	964	508	15720	-364	62	89	2088	1657	1759	1699
0	0	0	0	804	604	15900	-356	71	99	2089	1657	1761	1701
0	0	0	0	928	504	15840	-357	72	79	2084	1656	1759	1699
0	0	0	0	840	500	15816	-354	74	85	2089	1657	1759	1701
0	0	0	0	904	468	15904	-360	69	84	2088	1656	1759	1701
0	0	0	0	784	500	15712	-356	65	87	2087	1655	1758	1703
0	0	0	0	940	520	15684	-359	69	89	2089	1655	1758	1701
0	0	0	0	884	536	15848	-358	70	102	2088	1657	1759	1701
0	0	0	0	800	528	15776	-349	61	90	2088	1659	1759	1703
0	0	0	0	844	456	15832	-353	63	86	2090	1656	1759	1701
0	0	0	0	904	464	15704	-353	78	91	2088	1657	1759	1702
0	0	0	0	844	524	15700	-348	76	96	2089	1656	1760	1701
0	0	0	0	876	400	15776	-359	65	88	2087	1656	1760	1699
0	0	0	0	928	492	15788	-361	58	80	2090	1657	1755	1701
0	0	0	0	856	584	15800	-355	62	82	2089	1659	1759	1702
0	0	0	0	792	572	15916	-357	70	88	2090	1657	1758	1704
0	0	0	0	896	500	15764	-349	60	96	2089	1657	1759	1701
0	0	0	0	892	528	15644	-358	69	91	2089	1658	1757	1697
0	0	0	0	940	472	15716	-363	70	80	2088	1658	1758	1700
0	0	0	0	832	460	15752	-365	77	93	2088	1659	1759	1699
0	0	0	0	884	548	15940	-356	68	91	2088	1659	1759	1690
0	0	0	0	896	456	15916	-361	60	101	2090	1657	1759	1696
0	0	0	0	864	520	15720	-353	63	81	2087	1657	1760	1702
0	0	0	0	852	556	15800	-365	65	83	2088	1657	1762	1701
0	0	0	0	796	532	15840	-355	69	82	2084	1657	1760	1700
0	0	0	0	824	488	15744	-360	63	87	2088	1657	1759	1701
0	0	0	0	856	572	15768	-348	71	83	2089	1658	1758	1702
0	0	0	0	972	576	15672	-356	82	93	2088	1658	1759	1700
0	0	0	0	900	584	15716	-358	70	91	2087	1657	1759	1702
0	0	0	0	920	500	15828	-362	63	90	2089	1656	1758	1701
0	0	0	0	944	440	15888	-359	64	92	2089	1656	1759	1701
0	0	0	0	852	524	15696	-363	71	82	2095	1657	1758	1700
0	0	0	0	820	712	15752	-353	67	87	2088	1657	1759	1700
0	0	0	0	848	508	15664	-361	64	91	2089	1657	1760	1699
0	0	0	0	876	464	15832	-354	69	82	2088	1658	1760	1701
0	0	0	0	872	572	15756	-353	58	87	2084	1657	1757	1700
0	0	0	0	884	456	15792	-364	70	88	2088	1656	1760	1701
0	0	0	0	896	456	15840	-365	64	77	2087	1655	1757	1700
0	0	0	0	864	464	15892	-360	66	79	2088	1655	1759	1700
0	0	0	0	896	528	15740	-357	69	94	2091	1657	1757	1701
0	0	0	0	928	548	15692	-353	65	92	2088	1656	1758	1700
0	0	0	0	856	456	15804	-358	63	95	2089	1657	1759	1700
0	0	0	0	812	504	15788	-358	60	91	2087	1656	1758	1697
0	0	0	0	880	596	15840	-361	77	90	2088	1657	1759	1700
0	0	0	0	948	444	15664	-357	66	93	2088	1658	1759	1695
0	0	0	0	900	584	15840	-359	51	95	2088	1657	1759	1700
0	0	0	0	916	452	15764	-365	74	88	2083	1657	1759	1704
0	0	0	0	848	536	15836	-365	71	89	2089	1656	1760	1701
0	0	0	0	816	476	15872	-357	60	96	2086	1657	1759	1699
0	0	0	0	876	512	15828	-354	67	90	2084	1656	1759	1701
0	0	0	0	848	464	15744	-346	62	95	2089	1658	1758	1701
0	0	0	0	808	528	15916	-362	63	88	2088	1657	1758	1699
0	0	0	0	880	452	15876	-349	74	100	2087	1655	1759	1700
0	0	0	0	804	472	15736	-362	74	94	2089	1655	1758	1700
0	0	0	0	836	476	15776	-355	62	85	2088	1655	1760	1700
0	0	0	0	828	476	15768	-359	56	94	2087	1657	1758	1700
0	0	0	0	912	568	15844	-353	63	94	2089	1655	1759	1708
0	0	0	0	848	612	15832	-353	59	89	2089	1657	1754	1700
0	0	0	0	868	460	15760	-361	69	91	2088	1657	1760	1701
0	0	0	0	824	396	15680	-354	77	100	2089	1656	1759	1699
0	0	0	0	776	540	15816	-346	69	95	2086	1656	1756	1700
0	0	0	0	876	468	15776	-365	65	94	2088	1656	1757	1701
0	0	0	0	868	564	15784	-350	71	91	2088	1658	1758	1708
0	0	0	0	964	496	15640	-367	64	96	2088	1658	1758	1700
0	0	0	0	920	568	15756	-350	68	88	2089	1658	1759	1697
0	0	0	0	856	440	15780	-354	66	96	2089	1656	1759	1700
0	0	0	0	832	408	15904	-359	50	89	2088	1656	1757	1700
0	0	0	0	948	472	15788	-354	63	84	2088	1657	1759	1700
0	0	0	0	888	400	15780	-359	75	95	2083	1659	1758	1701
0	0	0	0	872	560	15772	-361	62	100	2090	1657	1759	1701
0	0	0	0	804	464	15716	-353	55	90	2088	1656	1760	1701
0	0	0	0	820	416	15816	-360	72	82	2083	1657	1760	1700
0	0	0	0	868	544	15716	-355	63	84	2085	1657	1759	1700
0	0	0	0	948	468	15776	-359	63	90	2088	1656	1759	1701
0	0	0	0	868	464	15760	-363	72	99	2089	1657	1758	1703
0	0	0	0	896	468	15864	-358	59	85	2089	1656	1758	1700
0	0	0	0	836	500	15760	-363	56	89	2089	1656	1758	1701
0	0	0	0	984	452	15744	-360	68	90	2090	1657	1759	1700
0	0	0	0	940	476	15916	-368	73	101	2088	1656	1758	1702
0	0	0	0	868	328	15884	-365	66	91	2089	1657	1760	1700
0	0	0	0	852	564	15688	-358	74	92	2089	1659	1760	1703
0	0	0	0	940	464	15784	-363	68	90	2089	1657	1759	1700
0	0	0	0	844	440	15760	-351	70	78	2086	1657	1755	1700
0	0	0	0	976	480	15688	-350	71	81	2088	1658	1760	1701
0	0	0	0	896	472	15776	-346	57	94	2088	1657	1759	1700
0	0	0	0	832	436	15708	-358	73	84	2089	1658	1761	1701
0	0	0	0	936	460	15700	-352	64	91	2089	1658	1759	1698
0	0	0	0	908	464	15724	-360	62	101	2087	1659	1759	1701
0	0	0	0	884	396	15800	-357	68	83	2090	1658	1758	1701
0	0	0	0	960	484	15884	-357	74	95	2090	1657	1758	1700
0	0	0	0	988	432	15780	-360	59	93	2089	1656	1760	1701
0	0	0	0	912	464	15704	-353	57	91	2088	1658	1760	1701
0	0	0	0	760	372	15908	-356	73	87	2089	1656	1762	1708
0	0	0	0	828	556	15780	-350	77	90	2086	1657	1759	1700
0	0	0	0	860	520	15732	-360	63	95	2087	1657	1760	1702
0	0	0	0	920	532	15732	-371	71	95	2088	1657	1760	1701
0	0	0	0	832	508	15664	-357	72	83	2088	1657	1759	1700
0	0	0	0	796	424	15720	-348	72	91	2085	1655	1758	1701
0	0	0	0	892	508	15816	-357	62	93	2089	1657	1759	1702
0	0	0	0	904	416	15836	-349	63	91	2090	1658	1758	1701
0	0	0	0	940	500	15792	-375	68	93	2089	1656	1758	1700
0	0	0	0	868	424	15820	-365	50	92	2089	1657	1759	1699
0	0	0	0	924	420	15800	-360	66	90	2088	1656	1760	1701
0	0	0	0	900	620	15748	-354	65	81	2089	1658	1760	1700
0	0	0	0	892	520	15872	-355	68	94	2088	1655	1755	1702
0	0	0	0	844	532	15996	-358	68	88	2089	1657	1757	1700
0	0	0	0	972	476	15620	-363	57	95	2088	1657	1759	1701
0	0	0	0	956	592	15820	-346	67	98	2090	1658	1760	1701
0	0	0	0	916	500	15700	-341	79	86	2089	1657	1755	1696
0	0	0	0	904	456	15700	-358	77	97	2088	1657	1759	1702
0	0	0	0	904	480	15900	-360	59	96	2088	1659	1759	1711
0	0	0	0	712	560	15848	-354	73	92	2088	1658	1758	1697
0	0	0	0	976	496	15932	-363	53	93	2089	1657	1759	1701
0	0	0	0	828	428	16040	-347	65	92	2088	1658	1759	1701
0	0	0	0	884	456	15764	-354	60	92	2087	1656	1759	1701
0	0	0	0	912	564	15696	-362	60	84	2085	1655	1756	1701
0	0	0	0	892	492	15844	-354	64	91	2089	1659	1759	1703
0	0	0	0	888	512	15724	-356	67	86	2082	1656	1758	1699
0	0	0	0	868	452	15816	-360	68	96	2087	1657	1759	1701
0	0	0	0	824	552	15692	-353	71	95	2088	1654	1767	1700
0	0	0	0	896	544	15776	-365	72	86	2087	1657	1758	1699
0	0	0	0	832	436	15784	-361	65	86	2088	1657	1758	1702
0	0	0	0	944	452	15772	-354	67	74	2089	1654	1759	1699
0	0	0	0	912	472	15732	-369	67	91	2089	1657	1759	1700
0	0	0	0	872	664	15708	-357	54	87	2088	1658	1760	1700
0	0	0	0	852	472	15812	-360	68	110	2089	1655	1758	1699
0	0	0	0	848	476	15872	-360	74	93	2088	1656	1753	1700
0	0	0	0	796	484	15860	-360	63	91	2087	1649	1757	1698
0	0	0	0	900	492	15748	-356	61	86	2088	1659	1758	1704
0	0	0	0	864	548	15792	-350	61	97	2090	1657	1758	1697
0	0	0	0	840	504	15816	-360	75	97	2087	1657	1757	1701
0	0	0	0	836	364	15828	-365	64	91	2088	1658	1759	1700
0	0	0	0	856	352	15896	-363	60	91	2087	1658	1759	1698
0	0	0	0	824	424	15700	-359	59	90	2088	1657	1759	1696
0	0	0	0	816	448	15680	-353	65	82	2089	1655	1758	1701
0	0	0	0	924	516	15796	-361	62	74	2088	1657	1757	1701
0	0	0	0	992	624	15804	-370	54	80	2089	1654	1760	1693
0	0	0	0	788	324	15608	-360	45	79	2084	1655	1759	1700
0	0	0	0	880	444	16160	-352	59	103	2090	1651	1757	1701
0	0	0	0	1032	468	15408	-356	72	117	2089	1657	1759	1699
0	0	0	0	900	348	15964	-353	47	87	2088	1659	1759	1704
0	0	0	0	840	528	15644	-345	63	88	2089	1657	1759	1700
0	0	0	0	920	688	15884	-345	73	86	2088	1656	1760	1700
0	0	0	0	784	692	15876	-357	81	112	2088	1656	1758	1700
0	0	0	0	984	704	15500	-361	79	122	2088	1656	1755	1699
0	0	0	0	876	164	15888	-355	67	96	2088	1656	1759	1701
