0	0	0	0	1096	628	16244	-344	26	99	2153	1717	1742	1683
0	0	0	0	1216	476	15672	-364	73	96	2153	1716	1741	1682
0	0	0	0	1200	364	15848	-348	71	90	2153	1716	1742	1675
0	0	0	0	1248	564	15536	-360	67	98	2156	1717	1741	1681
0	0	0	0	1152	400	15884	-375	60	97	2153	1717	1741	1682
0	0	0	0	1100	400	15700	-365	69	97	2153	1715	1743	1683
0	0	0	0	1200	528	15704	-370	66	93	2147	1716	1742	1681
0	0	0	0	1072	556	15824	-364	65	103	2153	1715	1742	1681
0	0	0	0	1116	532	15828	-362	79	85	2154	1716	1742	1682
0	0	0	0	1196	380	15716	-355	65	89	2148	1717	1741	1682
0	0	0	0	1176	548	15836	-366	61	88	2153	1717	1743	1684
0	0	0	0	1228	372	15676	-376	69	80	2153	1716	1741	1681
0	0	0	0	1140	596	15648	-359	66	89	2154	1715	1742	1683
0	0	0	0	1192	532	15880	-352	52	94	2148	1714	1740	1681
0	0	0	0	1200	476	15780	-359	66	83	2153	1715	1742	1682
0	0	0	0	1216	488	15780	-364	61	85	2153	1718	1741	1681
0	0	0	0	1328	540	15784	-353	68	101	2155	1716	1741	1682
0	0	0	0	1192	460	15904	-359	69	98	2153	1715	1744	1682
0	0	0	0	1080	496	15636	-355	64	99	2154	1716	1742	1682
0	0	0	0	1272	572	15824	-371	71	86	2152	1715	1742	1681
0	0	0	0	1072	444	15772	-362	60	86	2153	1715	1737	1682
0	0	0	0	1172	536	15920	-365	61	82	2153	1716	1740	1682
0	0	0	0	1128	512	15840	-360	70	98	2154	1717	1742	1684
0	0	0	0	1048	436	15868	-368	70	81	2156	1718	1741	1681
0	0	0	0	1176	524	15856	-363	74	86	2154	1716	1741	1678
0	0	0	0	1240	492	15680	-366	62	95	2153	1715	1741	1681
0	0	0	0	1072	540	15800	-360	72	84	2153	1716	1742	1683
0	0	0	0	1092	488	15872	-352	68	94	2156	1717	1740	1682
0	0	0	0	1164	476	15764	-371	67	92	2149	1716	1740	1681
0	0	0	0	1152	544	15688	-373	72	91	2154	1715	1741	1681
0	0	0	0	1220	484	15732	-365	68	84	2154	1716	1736	1682
0	0	0	0	1144	564	15648	-354	61	91	2148	1716	1741	1681
0	0	0	0	1224	436	15652	-362	65	86	2153	1715	1740	1682
0	0	0	0	1164	576	15752	-364	55	90	2152	1716	1741	1680
0	0	0	0	1144	460	15856	-365	67	91	2153	1717	1742	1685
0	0	0	0	1244	532	15800	-347	67	88	2152	1714	1741	1681
0	0	0	0	1124	580	15716	-353	63	90	2152	1713	1740	1682
0	0	0	0	1160	588	15844	-354	63	89	2153	1714	1739	1682
0	0	0	0	1272	584	15792	-356	63	93	2153	1716	1741	1682
0	0	0	0	1136	588	15848	-362	73	94	2153	1716	1740	1682
0	0	0	0	1180	548	15700	-364	70	91	2153	1715	1740	1682
0	0	0	0	1136	540	15780	-373	66	95	2154	1715	1740	1682
0	0	0	0	1236	464	15700	-362	55	94	2152	1711	1737	1682
0	0	0	0	1160	396	15844	-356	56	78	2153	1714	1740	1679
0	0	0	0	1148	488	15692	-361	68	91	2154	1715	1739	1682
0	0	0	0	1304	480	15752	-363	67	88	2154	1715	1738	1682
0	0	0	0	1260	496	15740	-360	66	93	2154	1716	1741	1675
0	0	0	0	1260	420	16264	-337	66	84	2152	1725	1740	1681
0	0	0	0	1236	428	15464	-352	85	82	2152	1715	1739	1681
0	0	0	0	1200	496	15976	-347	49	93	2152	1715	1740	1682
0	0	0	0	1004	492	15892	-358	78	74	2153	1715	1739	1676
0	0	0	0	1228	484	15544	-356	99	93	2153	1715	1739	1681
0	0	0	0	1236	484	15840	-368	25	83	2152	1723	1740	1682
0	0	0	0	1084	488	16252	-359	78	84	2149	1714	1740	1681
0	0	0	0	1308	508	15364	-370	76	87	2153	1713	1740	1681
0	0	0	0	1296	508	15840	-343	35	81	2154	1714	1740	1681
0	0	0	0	1068	388	16024	-356	61	96	2153	1717	1740	1681
0	0	0	0	1268	416	15656	-364	87	98	2152	1713	1740	1680
0	0	0	0	1184	500	15684	-351	53	82	2153	1716	1741	1682
0	0	0	0	1084	588	16092	-350	51	104	2152	1716	1740	1676
0	0	0	0	1132	500	15764	-364	83	97	2153	1714	1739	1681
0	0	0	0	1192	416	15660	-349	56	79	2153	1713	1740	1681
0	0	0	0	1172	452	15992	-363	65	84	2152	1716	1741	1681
0	0	0	0	1136	464	15768	-368	84	92	2153	1715	1740	1680
0	0	0	0	1244	456	15716	-362	53	101	2152	1715	1737	1681
0	0	0	0	1096	528	15928	-352	60	109	2154	1716	1740	1681
0	0	0	0	1240	440	15816	-362	71	85	2153	1716	1740	1681
0	0	0	0	1128	412	15616	-368	60	79	2153	1715	1740	1681
0	0	0	0	1072	496	15744	-354	64	89	2153	1713	1737	1678
0	0	0	0	1064	536	15728	-352	66	94	2153	1717	1740	1682
0	0	0	0	1228	520	15812	-358	66	100	2153	1717	1739	1681
0	0	0	0	1172	400	15688	-352	63	90	2152	1718	1741	1678
0	0	0	0	1216	388	15664	-364	67	88	2154	1714	1741	1681
0	0	0	0	1228	504	15696	-359	71	95	2153	1715	1739	1682
0	0	0	0	1244	464	15684	-361	65	95	2153	1715	1741	1681
0	0	0	0	1196	532	15820	-358	69	98	2148	1716	1741	1682
0	0	0	0	1212	516	15804	-353	75	85	2153	1718	1740	1682
0	0	0	0	1140	496	15792	-373	58	76	2154	1717	1740	1681
0	0	0	0	1268	476	15852	-343	72	84	2153	1715	1741	1682
0	0	0	0	1232	412	15812	-358	69	91	2152	1716	1740	1681
0	0	0	0	1228	452	15716	-361	52	85	2154	1715	1739	1682
0	0	0	0	1228	548	15768	-364	61	89	2153	1717	1741	1685
0	0	0	0	1224	420	15716	-354	79	97	2154	1715	1741	1682
0	0	0	0	1224	664	15736	-353	63	98	2153	1716	1741	1681
0	0	0	0	1360	440	15768	-357	76	93	2154	1715	1740	1681
0	0	0	0	1216	480	15812	-357	65	80	2153	1715	1739	1682
0	0	0	0	1176	400	15844	-348	72	84	2153	1716	1738	1682
0	0	0	0	1160	504	15716	-354	69	76	2152	1718	1742	1681
0	0	0	0	1176	564	15880	-346	79	98	2154	1718	1740	1683
0	0	0	0	1236	624	15664	-362	66	100	2154	1717	1741	1682
0	0	0	0	1096	488	15928	-359	60	92	2154	1716	1740	1681
0	0	0	0	1180	488	15808	-359	64	82	2152	1715	1741	1682
0	0	0	0	1172	468	15752	-372	71	84	2155	1717	1740	1682
0	0	0	0	1188	400	15760	-347	68	106	2154	1717	1741	1678
0	0	0	0	1140	596	15644	-363	71	92	2154	1716	1742	1681
0	0	0	0	1176	520	15672	-357	73	97	2153	1717	1741	1681
0	0	0	0	1268	496	15744	-368	63	82	2154	1715	1742	1682
0	0	0	0	1324	444	15764	-361	66	83	2148	1719	1741	1681
0	0	0	0	1244	492	15744	-367	70	94	2153	1716	1743	1682
0	0	0	0	1172	484	15756	-359	74	81	2153	1717	1734	1683
0	0	0	0	1164	484	15716	-356	67	103	2148	1715	1741	1682
0	0	0	0	1144	484	15732	-362	62	78	2153	1716	1739	1681
0	0	0	0	1236	540	15860	-363	82	83	2152	1709	1740	1681
0	0	0	0	1184	440	15800	-358	63	91	2153	1716	1740	1682
0	0	0	0	1184	520	15844	-365	64	90	2154	1715	1740	1680
0	0	0	0	1100	480	15820	-346	69	95	2153	1717	1740	1683
0	0	0	0	1208	588	15892	-370	73	83	2153	1716	1741	1683
0	0	0	0	1156	644	15732	-355	69	86	2154	1716	1740	1681
0	0	0	0	1240	592	15752	-361	72	94	2153	1716	1737	1682
0	0	0	0	1252	588	15796	-362	58	101	2154	1714	1741	1681
0	0	0	0	1228	572	15816	-354	74	99	2153	1717	1741	1683
0	0	0	0	1280	404	15780	-358	67	85	2152	1716	1737	1681
0	0	0	0	1248	340	15932	-365	72	86	2153	1715	1740	1682
0	0	0	0	1184	412	15700	-358	62	97	2154	1719	1740	1683
0	0	0	0	1064	564	15820	-375	79	99	2154	1715	1741	1681
0	0	0	0	1288	516	15744	-361	60	84	2148	1716	1737	1679
0	0	0	0	1140	432	15732	-370	70	93	2154	1715	1739	1681
0	0	0	0	1220	488	15624	-351	70	81	2152	1715	1740	1682
0	0	0	0	1120	532	15816	-364	73	98	2153	1716	1741	1683
0	0	0	0	1256	528	15884	-353	61	93	2147	1716	1739	1681
0	0	0	0	1248	528	15808	-346	73	88	2155	1714	1740	1681
0	0	0	0	1272	460	15768	-366	62	80	2152	1715	1740	1681
0	0	0	0	1136	404	15848	-362	60	76	2149	1715	1739	1682
0	0	0	0	1196	540	15752	-359	67	94	2152	1716	1740	1681
0	0	0	0	1192	548	15696	-355	74	96	2152	1717	1739	1681
0	0	0	0	1172	540	15724	-354	65	92	2152	1715	1740	1683
0	0	0	0	1008	540	15788	-356	70	84	2153	1714	1742	1681
0	0	0	0	1228	496	15832	-363	65	86	2153	1713	1739	1681
0	0	0	0	1176	580	15740	-360	71	94	2153	1716	1739	1682
0	0	0	0	1116	512	15816	-367	58	97	2153	1715	1740	1681
0	0	0	0	1188	464	15812	-362	65	87	2153	1716	1740	1682
0	0	0	0	1180	456	15876	-363	58	75	2152	1714	1740	1682
0	0	0	0	1152	404	15964	-357	66	85	2155	1715	1740	1681
0	0	0	0	1164	456	15860	-354	71	90	2153	1714	1735	1682
0	0	0	0	1164	456	15952	-351	63	91	2153	1719	1740	1682
0	0	0	0	1152	500	15792	-353	59	82	2153	1717	1739	1684
0	0	0	0	1164	488	15688	-364	73	90	2153	1717	1739	1681
0	0	0	0	1168	528	15780	-362	68	84	2153	1714	1740	1679
0	0	0	0	1252	540	15800	-365	61	91	2153	1716	1740	1681
0	0	0	0	1192	408	15744	-366	85	84	2152	1714	1739	1691
0	0	0	0	1264	472	15676	-358	62	82	2155	1715	1739	1682
0	0	0	0	1228	548	15724	-370	66	83	2152	1716	1740	1680
0	0	0	0	1216	348	15720	-352	80	84	2154	1715	1739	1681
0	0	0	0	1136	480	15856	-356	59	99	2152	1717	1741	1681
0	0	0	0	1268	544	15684	-364	73	93	2149	1714	1740	1680
0	0	0	0	1156	540	15808	-348	74	89	2153	1715	1739	1682
0	0	0	0	1292	508	15888	-350	63	79	2153	1715	1739	1682
0	0	0	0	1296	416	15916	-349	74	89	2152	1715	1739	1682
0	0	0	0	1228	588	15976	-352	68	86	2153	1717	1739	1682
0	0	0	0	1196	540	15624	-356	77	85	2153	1715	1739	1681
0	0	0	0	1212	544	15792	-370	56	77	2152	1714	1740	1683
0	0	0	0	1148	516	15816	-356	71	89	2152	1715	1739	1681
0	0	0	0	1216	420	15776	-346	65	94	2153	1715	1740	1681
0	0	0	0	1216	504	15796	-354	69	90	2152	1715	1740	1683
0	0	0	0	1208	484	15976	-359	63	92	2155	1716	1741	1682
0	0	0	0	1236	500	15684	-359	81	84	2153	1715	1735	1681
0	0	0	0	1144	500	15684	-362	66	92	2152	1715	1740	1682
0	0	0	0	1172	500	15832	-371	81	84	2154	1717	1740	1681
0	0	0	0	1256	564	15748	-360	55	87	2154	1715	1742	1682
0	0	0	0	1168	464	15944	-351	60	92	2153	1717	1739	1678
0	0	0	0	1108	476	15844	-364	66	89	2153	1717	1739	1683
0	0	0	0	1124	464	15684	-361	74	80	2153	1716	1740	1683
0	0	0	0	1180	528	15792	-366	62	87	2154	1716	1741	1679
0	0	0	0	1192	536	15764	-354	54	98	2152	1717	1740	1681
0	0	0	0	1272	540	15640	-365	72	84	2155	1715	1739	1683
0	0	0	0	1148	488	15820	-355	58	86	2153	1717	1740	1682
0	0	0	0	1176	552	15692	-362	66	90	2149	1715	1741	1682
0	0	0	0	1164	464	15956	-352	70	91	2153	1717	1750	1682
0	0	0	0	1184	496	15748	-355	72	97	2154	1716	1739	1683
0	0	0	0	1144	476	15852	-351	59	106	2153	1715	1740	1681
0	0	0	0	1188	456	15764	-364	59	93	2153	1714	1741	1681
0	0	0	0	1188	540	15852	-359	64	89	2153	1716	1740	1682
0	0	0	0	1136	484	15908	-352	69	91	2153	1717	1739	1683
0	0	0	0	1208	516	15800	-365	68	90	2154	1714	1740	1683
0	0	0	0	1192	480	15820	-352	70	81	2154	1716	1742	1682
0	0	0	0	1140	504	15668	-359	72	82	2152	1716	1740	1682
0	0	0	0	1216	496	15796	-363	61	85	2154	1716	1740	1682
0	0	0	0	1180	496	15576	-357	67	93	2152	1716	1737	1683
0	0	0	0	1100	600	15820	-361	65	95	2154	1716	1741	1683
0	0	0	0	1204	468	15776	-352	58	84	2152	1717	1740	1681
0	0	0	0	1188	500	15744	-363	59	94	2155	1716	1741	1682
0	0	0	0	1120	516	15756	-357	56	95	2152	1715	1743	1679
0	0	0	0	1192	532	15880	-365	62	91	2153	1716	1739	1682
0	0	0	0	1144	516	15720	-366	60	99	2154	1716	1740	1682
0	0	0	0	1232	520	15780	-356	65	85	2153	1716	1738	1679
0	0	0	0	1180	592	15840	-354	65	93	2155	1715	1741	1681
0	0	0	0	1248	540	15756	-354	74	76	2153	1716	1741	1684
0	0	0	0	1196	536	15732	-355	61	88	2153	1716	1741	1681
0	0	0	0	1224	376	15696	-357	55	93	2149	1715	1740	1682
0	0	0	0	1272	536	15812	-363	73	87	2153	1716	1741	1681
0	0	0	0	1236	520	15776	-354	73	91	2154	1716	1741	1683
0	0	0	0	1192	584	15604	-359	58	87	2153	1717	1740	1681
0	0	0	0	1160	516	15860	-375	71	88	2152	1715	1741	1682
0	0	0	0	1164	548	15928	-364	60	79	2153	1715	1741	1681
0	0	0	0	1136	464	15556	-376	65	86	2152	1715	1741	1683
0	0	0	0	1220	556	15732	-365	66	90	2153	1715	1739	1682
0	0	0	0	1160	572	15804	-362	69	89	2153	1725	1739	1682
0	0	0	0	1224	420	15744	-368	68	80	2153	1714	1741	1682
0	0	0	0	1180	572	15916	-354	69	103	2154	1709	1740	1680
0	0	0	0	1164	588	15776	-356	75	102	2153	1713	1741	1681
0	0	0	0	1292	516	15840	-356	62	92	2153	1715	1740	1682
0	0	0	0	1192	612	15844	-354	61	79	2154	1715	1739	1682
0	0	0	0	1144	544	15704	-362	82	90	2153	1715	1736	1682
0	0	0	0	1172	380	15708	-359	61	86	2152	1716	1740	1681
0	0	0	0	1204	508	15888	-369	66	96	2154	1715	1735	1681
0	0	0	0	1216	400	15744	-360	61	86	2154	1715	1739	1682
0	0	0	0	1300	432	15948	-363	75	100	2153	1716	1741	1678
0	0	0	0	1204	468	15716	-358	70	91	2152	1716	1739	1681
0	0	0	0	1208	516	15664	-373	67	83	2154	1716	1739	1681
0	0	0	0	1116	528	15616	-358	68	93	2153	1714	1741	1682
0	0	0	0	1152	508	15812	-358	64	85	2149	1715	1741	1681
0	0	0	0	1204	440	15808	-370	62	81	2152	1715	1739	1681
0	0	0	0	1140	524	15768	-355	68	88	2154	1716	1740	1681
0	0	0	0	1152	488	15736	-362	76	88	2147	1716	1738	1681
0	0	0	0	1188	556	15916	-350	67	102	2153	1716	1751	1681
0	0	0	0	1144	544	15848	-374	67	82	2153	1716	1739	1681
0	0	0	0	1244	384	15828	-361	63	89	2153	1715	1740	1682
0	0	0	0	1108	440	15800	-353	64	73	2153	1714	1740	1681
0	0	0	0	1164	516	15892	-359	75	82	2152	1716	1741	1681
0	0	0	0	1144	476	15928	-358	67	95	2152	1715	1739	1681
0	0	0	0	1128	432	15860	-342	53	92	2153	1716	1739	1682
0	0	0	0	1188	428	15788	-363	76	93	2152	1713	1737	1682
0	0	0	0	1196	564	15724	-357	74	71	2153	1714	1741	1681
0	0	0	0	1248	472	15848	-362	73	89	2152	1715	1739	1681
0	0	0	0	1152	476	15820	-350	64	91	2154	1715	1735	1681
0	0	0	0	1224	528	15856	-344	66	99	2153	1716	1741	1681
0	0	0	0	1268	524	15684	-356	68	92	2154	1716	1740	1682
0	0	0	0	1208	520	15836	-370	71	72	2152	1715	1742	1681
0	0	0	0	1276	484	15788	-353	65	78	2154	1715	1740	1678
0	0	0	0	1200	428	15812	-359	65	89	2153	1715	1738	1680
0	0	0	0	1288	484	15812	-347	63	85	2152	1715	1739	1680
0	0	0	0	1144	544	15916	-359	70	88	2153	1717	1739	1681
0	0	0	0	1260	612	15812	-361	61	78	2147	1713	1739	1681
0	0	0	0	1124	432	15772	-355	57	78	2157	1717	1739	1680
0	0	0	0	1196	532	15828	-356	80	87	2151	1715	1741	1679
0	0	0	0	1160	536	15848	-365	53	90	2147	1716	1739	1681
0	0	0	0	1180	520	15904	-347	70	90	2153	1716	1739	1682
0	0	0	0	1260	460	15804	-364	74	88	2152	1716	1741	1682
0	0	0	0	1220	520	15880	-345	60	94	2154	1716	1741	1683
0	0	0	0	1228	408	15772	-348	55	88	2153	1714	1740	1682
0	0	0	0	1148	456	15996	-368	78	81	2153	1715	1740	1681
0	0	0	0	1260	400	15884	-361	60	91	2153	1715	1739	1682
0	0	0	0	1288	504	15760	-347	52	98	2153	1715	1740	1682
0	0	0	0	1172	572	15768	-358	70	96	2154	1716	1746	1682
0	0	0	0	1172	552	15708	-362	66	86	2153	1717	1740	1683
0	0	0	0	1232	472	15768	-359	62	88	2154	1716	1740	1682
0	0	0	0	1192	548	15832	-352	64	86	2153	1716	1739	1681
0	0	0	0	1256	512	15868	-355	73	90	2152	1728	1740	1682
0	0	0	0	1180	452	15896	-368	75	85	2154	1717	1739	1682
0	0	0	0	1240	500	15680	-351	64	83	2153	1717	1741	1683
0	0	0	0	1184	380	15920	-350	76	94	2154	1717	1741	1680
0	0	0	0	1228	448	15812	-362	75	92	2152	1717	1740	1681
0	0	0	0	1196	544	15880	-360	61	88	2154	1716	1740	1682
0	0	0	0	1156	504	15740	-360	73	99	2154	1715	1739	1682
0	0	0	0	1120	560	15632	-366	66	92	2152	1716	1740	1681
0	0	0	0	1140	512	15672	-356	66	92	2154	1716	1740	1683
0	0	0	0	1148	492	15688	-362	69	80	2154	1718	1734	1682
0	0	0	0	1180	488	15688	-356	63	96	2148	1715	1740	1683
0	0	0	0	1248	376	15960	-358	70	86	2153	1715	1741	1683
0	0	0	0	1124	484	15788	-364	71	93	2153	1716	1740	1681
0	0	0	0	1296	468	15688	-350	65	91	2153	1716	1739	1682
0	0	0	0	1184	520	15736	-356	64	88	2153	1716	1739	1683
0	0	0	0	1136	440	15764	-361	80	92	2154	1716	1740	1682
0	0	0	0	1168	520	15832	-358	82	91	2156	1716	1739	1684
0	0	0	0	1196	416	15652	-350	66	91	2153	1715	1740	1683
0	0	0	0	1252	580	15788	-354	63	82	2153	1713	1738	1682
0	0	0	0	1252	516	15748	-356	72	78	2155	1716	1740	1678
0	0	0	0	1244	548	15784	-368	56	90	2153	1716	1740	1682
0	0	0	0	1292	444	15876	-351	72	94	2152	1717	1736	1681
0	0	0	0	1196	440	15736	-371	67	96	2154	1715	1740	1682
0	0	0	0	1120	520	15764	-361	75	93	2152	1716	1741	1682
0	0	0	0	1224	508	15764	-360	68	81	2152	1718	1739	1681
0	0	0	0	1032	464	15896	-364	68	89	2154	1717	1737	1675
0	0	0	0	1280	464	15880	-366	63	80	2154	1715	1739	1682
0	0	0	0	1184	408	15756	-359	67	100	2153	1717	1741	1682
0	0	0	0	1300	528	15692	-358	67	91	2153	1715	1740	1677
0	0	0	0	1280	532	15832	-371	69	104	2153	1715	1739	1680
0	0	0	0	1204	468	15708	-360	62	95	2153	1714	1739	1682
0	0	0	0	1216	456	15792	-353	61	90	2160	1714	1741	1681
0	0	0	0	1304	540	15732	-348	60	95	2147	1716	1741	1681
0	0	0	0	1184	536	15744	-351	56	87	2153	1724	1735	1681
0	0	0	0	1180	512	15956	-353	70	91	2152	1715	1740	1682
0	0	0	0	1216	512	15852	-351	58	93	2153	1715	1740	1689
0	0	0	0	1232	464	15672	-369	79	90	2151	1714	1739	1680
0	0	0	0	1308	444	15628	-364	65	75	2153	1716	1739	1681
0	0	0	0	1136	444	15840	-358	60	89	2153	1717	1738	1683
0	0	0	0	1240	428	15808	-364	75	94	2153	1714	1741	1681
0	0	0	0	1284	516	15852	-362	66	91	2152	1714	1739	1681
0	0	0	0	1188	484	15748	-362	62	93	2154	1716	1740	1682
0	0	0	0	1132	524	15748	-355	58	87	2153	1718	1738	1682
0	0	0	0	1264	456	15872	-354	63	96	2153	1714	1737	1682
0	0	0	0	1232	524	15756	-357	62	80	2153	1716	1739	1681
0	0	0	0	1184	496	15840	-352	57	87	2152	1718	1739	1682
0	0	0	0	1260	432	15788	-374	59	90	2153	1714	1740	1682
0	0	0	0	1200	476	15816	-363	70	87	2153	1715	1740	1682
0	0	0	0	1188	452	15832	-354	67	90	2152	1716	1739	1680
0	0	0	0	1308	524	15936	-360	71	87	2153	1716	1739	1680
0	0	0	0	1188	588	15768	-354	64	85	2152	1716	1740	1678
0	0	0	0	1212	520	15824	-367	62	94	2154	1715	1739	1684
0	0	0	0	1200	436	15928	-351	64	91	2153	1715	1740	1681
0	0	0	0	1236	476	15704	-367	68	85	2154	1714	1741	1681
0	0	0	0	1264	516	15844	-349	56	81	2148	1714	1735	1681
0	0	0	0	1260	468	15716	-360	66	86	2153	1716	1740	1681
0	0	0	0	1208	584	15904	-354	64	92	2153	1715	1740	1682
0	0	0	0	1156	384	15796	-365	63	100	2148	1714	1740	1681
0	0	0	0	1164	508	15716	-358	69	94	2153	1715	1739	1681
0	0	0	0	1228	500	15720	-351	69	101	2153	1717	1739	1681
0	0	0	0	1132	500	15936	-360	64	78	2153	1715	1740	1682
0	0	0	0	1256	432	15944	-357	71	89	2154	1714	1739	1682
0	0	0	0	1212	504	15756	-343	70	86	2151	1716	1740	1682
0	0	0	0	1172	488	15584	-340	56	91	2156	1715	1740	1682
0	0	0	0	1144	444	15820	-362	72	96	2154	1716	1739	1680
0	0	0	0	1164	464	15724	-353	65	87	2155	1713	1735	1681
0	0	0	0	1116	472	15744	-354	78	92	2153	1714	1739	1679
0	0	0	0	1188	580	15848	-361	66	83	2153	1716	1742	1694
0	0	0	0	1220	412	15916	-366	68	95	2153	1717	1736	1677
0	0	0	0	1160	524	15664	-368	55	91	2152	1717	1739	1682
0	0	0	0	1188	444	15876	-365	68	98	2154	1716	1741	1683
0	0	0	0	1064	424	15816	-362	66	102	2153	1717	1740	1682
0	0	0	0	1144	456	15756	-355	64	85	2152	1716	1740	1680
0	0	0	0	1192	556	15780	-361	58	82	2154	1717	1739	1681
0	0	0	0	1204	576	15840	-351	65	99	2146	1717	1740	1682
0	0	0	0	1208	488	15848	-350	62	85	2153	1716	1742	1682
0	0	0	0	1244	528	15760	-362	68	95	2148	1717	1740	1681
0	0	0	0	1204	516	15652	-361	69	82	2154	1716	1740	1684
0	0	0	0	1236	524	15676	-358	62	97	2153	1716	1740	1682
0	0	0	0	1180	544	15816	-345	65	83	2148	1716	1741	1682
0	0	0	0	1220	484	15856	-361	71	101	2153	1715	1741	1683
0	0	0	0	1176	564	15836	-367	66	84	2153	1717	1739	1682
0	0	0	0	1188	560	15764	-377	73	82	2153	1715	1739	1685
0	0	0	0	1176	416	15800	-358	71	99	2154	1715	1741	1682
0	0	0	0	1124	472	15840	-356	66	92	2152	1715	1740	1681
0	0	0	0	1280	576	15728	-357	61	94	2151	1716	1740	1681
0	0	0	0	1196	468	15756	-364	76	86	2152	1717	1740	1679
0	0	0	0	1148	420	15716	-361	62	90	2154	1716	1741	1681
0	0	0	0	1292	444	15612	-351	61	83	2152	1715	1740	1681
0	0	0	0	1208	528	15852	-365	61	84	2153	1715	1741	1682
0	0	0	0	1320	428	15736	-355	70	99	2154	1717	1735	1682
0	0	0	0	1236	548	15752	-358	50	84	2153	1717	1740	1683
0	0	0	0	1208	368	15736	-349	77	89	2153	1717	1740	1682
0	0	0	0	1064	412	15756	-356	61	95	2153	1717	1739	1683
0	0	0	0	1132	476	15756	-359	66	93	2160	1716	1739	1679
0	0	0	0	1204	460	15744	-364	59	99	2154	1715	1741	1682
0	0	0	0	1176	532	15640	-358	57	93	2153	1715	1740	1692
0	0	0	0	1108	476	15760	-356	68	94	2155	1717	1738	1683
0	0	0	0	1132	416	15564	-353	69	97	2152	1717	1739	1681
0	0	0	0	1244	316	15828	-358	59	76	2153	1716	1740	1681
0	0	0	0	1260	540	15824	-362	67	89	2153	1711	1743	1681
0	0	0	0	1208	552	15736	-361	63	84	2150	1715	1739	1684
0	0	0	0	1156	532	15788	-352	65	94	2153	1716	1739	1684
0	0	0	0	1168	420	15784	-367	73	94	2152	1715	1741	1682
0	0	0	0	1232	532	15760	-370	68	87	2153	1717	1740	1683
0	0	0	0	1180	464	15724	-357	62	87	2154	1716	1739	1683
0	0	0	0	1164	580	15748	-360	55	93	2153	1715	1740	1682
0	0	0	0	1188	444	15744	-370	67	92	2153	1716	1740	1682
0	0	0	0	1144	484	15840	-356	81	91	2153	1715	1739	1682
0	0	0	0	1224	496	15868	-360	73	95	2154	1715	1738	1682
0	0	0	0	1108	616	15868	-364	67	103	2153	1716	1739	1681
0	0	0	0	1200	460	15832	-359	74	74	2153	1715	1739	1680
0	0	0	0	1180	536	15928	-354	77	93	2153	1716	1736	1681
0	0	0	0	1168	520	15864	-363	67	101	2152	1716	1740	1681
0	0	0	0	1108	524	15712	-355	78	85	2152	1714	1739	1681
0	0	0	0	1184	444	15804	-364	69	90	2153	1716	1740	1681
0	0	0	0	1180	556	15716	-355	68	94	2152	1716	1739	1677
0	0	0	0	1216	484	15796	-349	68	91	2153	1715	1739	1682
0	0	0	0	1208	472	15724	-358	61	93	2153	1715	1741	1682
0	0	0	0	1272	500	15616	-364	68	92	2152	1716	1740	1678
0	0	0	0	1224	496	15716	-367	74	95	2151	1716	1739	1680
0	0	0	0	1128	496	16016	-347	62	89	2151	1715	1738	1680
0	0	0	0	1172	428	15652	-362	81	79	2154	1716	1741	1680
0	0	0	0	1116	488	15744	-361	62	94	2158	1716	1740	1682
0	0	0	0	1256	456	15848	-355	68	90	2152	1717	1739	1681
0	0	0	0	1212	452	15828	-353	68	93	2153	1715	1740	1680
0	0	0	0	1280	380	15772	-370	64	96	2152	1724	1740	1681
0	0	0	0	1216	532	15764	-352	73	89	2153	1714	1740	1675
0	0	0	0	1152	488	15716	-357	67	87	2153	1716	1740	1681
0	0	0	0	1244	400	15800	-351	60	81	2153	1716	1738	1683
0	0	0	0	1072	568	15852	-357	73	94	2153	1713	1739	1683
0	0	0	0	1284	444	15860	-360	68	88	2152	1713	1739	1682
0	0	0	0	1220	376	15872	-368	63	76	2153	1715	1740	1679
0	0	0	0	1128	444	15816	-352	62	84	2154	1716	1739	1682
0	0	0	0	1188	520	15776	-365	66	91	2152	1715	1735	1682
0	0	0	0	1232	532	15868	-359	59	84	2153	1716	1740	1682
0	0	0	0	1212	504	15700	-360	70	90	2152	1716	1740	1681
0	0	0	0	1228	500	15780	-351	70	84	2154	1715	1740	1682
0	0	0	0	1280	612	15656	-363	68	89	2152	1719	1740	1677
0	0	0	0	1108	528	15676	-368	56	91	2152	1716	1740	1682
0	0	0	0	1172	432	15704	-368	63	92	2153	1717	1739	1682
0	0	0	0	1340	476	15840	-363	61	89	2152	1716	1741	1677
0	0	0	0	1116	552	15848	-361	66	87	2152	1715	1740	1680
0	0	0	0	1116	564	15756	-358	63	82	2153	1715	1739	1680
0	0	0	0	1188	528	15792	-358	74	98	2152	1715	1740	1680
0	0	0	0	1196	540	15840	-359	58	82	2149	1715	1740	1681
0	0	0	0	1152	448	15880	-354	62	82	2153	1716	1740	1681
0	0	0	0	1216	560	15780	-363	62	88	2153	1716	1741	1682
0	0	0	0	1228	572	15864	-359	63	90	2152	1716	1740	1681
0	0	0	0	1208	556	15848	-355	66	80	2153	1715	1741	1682
0	0	0	0	1076	556	15884	-354	61	70	2154	1716	1741	1683
0	0	0	0	1260	592	15804	-353	60	96	2153	1716	1740	1683
0	0	0	0	1220	432	15952	-361	78	85	2156	1717	1740	1683
0	0	0	0	1280	480	15772	-361	61	99	2151	1716	1741	1681
0	0	0	0	1216	528	15816	-357	63	100	2154	1716	1740	1682
0	0	0	0	1124	488	15688	-358	72	82	2154	1716	1741	1682
0	0	0	0	1132	508	15776	-358	74	96	2151	1716	1737	1681
0	0	0	0	1188	436	15612	-343	68	97	2154	1716	1739	1683
0	0	0	0	1200	468	15748	-357	78	79	2155	1715	1739	1683
0	0	0	0	1240	572	15784	-362	56	81	2154	1716	1738	1682
0	0	0	0	1204	580	15772	-363	60	87	2152	1716	1740	1682
0	0	0	0	1232	432	15852	-363	64	92	2154	1714	1741	1683
0	0	0	0	1228	488	15776	-357	69	91	2152	1716	1739	1682
0	0	0	0	1204	428	15664	-360	66	93	2155	1716	1740	1678
0	0	0	0	1172	420	15732	-360	58	86	2154	1716	1740	1681
0	0	0	0	1200	588	15896	-363	66	95	2152	1717	1739	1682
0	0	0	0	1212	512	15800	-360	62	86	2153	1714	1741	1683
0	0	0	0	1136	516	15724	-348	77	94	2150	1716	1740	1681
0	0	0	0	1224	464	15824	-351	67	96	2153	1717	1740	1682
0	0	0	0	1188	496	15628	-364	57	83	2164	1716	1740	1682
0	0	0	0	1108	492	15616	-364	65	90	2148	1716	1740	1683
0	0	0	0	1220	560	15804	-356	65	96	2154	1716	1741	1684
0	0	0	0	1088	524	15892	-359	69	98	2153	1716	1740	1681
0	0	0	0	1232	560	15792	-360	67	83	2154	1720	1741	1683
0	0	0	0	1164	528	15744	-369	64	99	2154	1715	1739	1681
0	0	0	0	1300	488	15712	-358	58	85	2153	1716	1740	1682
0	0	0	0	1244	500	15792	-355	66	94	2153	1717	1740	1682
0	0	0	0	1228	556	15756	-350	62	88	2154	1718	1739	1682
0	0	0	0	1200	516	15872	-357	58	81	2154	1716	1745	1683
0	0	0	0	1240	520	15752	-353	80	93	2153	1715	1740	1682
0	0	0	0	1156	488	15916	-355	61	83	2153	1713	1739	1692
0	0	0	0	1148	508	15928	-356	73	85	2160	1716	1735	1683
0	0	0	0	1232	540	15664	-364	71	100	2154	1717	1741	1682
0	0	0	0	1164	480	15688	-368	69	86	2154	1717	1741	1683
0	0	0	0	1288	484	15788	-356	69	91	2153	1717	1740	1681
0	0	0	0	1216	472	15672	-346	72	91	2153	1716	1740	1677
0	0	0	0	1176	532	15904	-355	61	94	2153	1715	1739	1681
0	0	0	0	1168	384	15792	-352	74	96	2152	1716	1741	1681
0	0	0	0	1224	476	15852	-360	53	94	2153	1715	1739	1681
0	0	0	0	1164	548	15832	-360	67	95	2148	1717	1739	1681
0	0	0	0	1180	440	15812	-354	63	85	2154	1714	1740	1682
0	0	0	0	1272	516	15872	-361	69	81	2153	1715	1741	1680
0	0	0	0	1144	476	15800	-352	72	101	2149	1715	1736	1680
0	0	0	0	1236	488	15872	-350	68	80	2153	1715	1739	1682
0	0	0	0	1200	516	15792	-365	63	78	2153	1715	1733	1682
0	0	0	0	1304	572	15832	-361	64	87	2152	1716	1740	1683
0	0	0	0	1224	400	15612	-354	60	95	2153	1715	1739	1680
0	0	0	0	1292	468	15728	-348	70	88	2154	1715	1739	1681
0	0	0	0	1216	416	15836	-362	71	84	2153	1715	1739	1681
0	0	0	0	1136	396	15764	-359	70	80	2152	1716	1741	1681
0	0	0	0	1192	448	15808	-355	76	93	2153	1715	1738	1680
0	0	0	0	1184	452	15664	-361	57	95	2153	1717	1742	1681
0	0	0	0	1212	464	15808	-353	63	90	2153	1715	1740	1682
0	0	0	0	1108	400	15768	-349	55	84	2153	1716	1736	1680
0	0	0	0	1152	492	15836	-369	69	83	2152	1716	1739	1682
0	0	0	0	1188	548	15864	-354	75	91	2153	1715	1741	1682
0	0	0	0	1216	488	15856	-366	58	91	2152	1718	1740	1681
0	0	0	0	1132	476	15740	-357	74	86	2153	1716	1740	1678
0	0	0	0	1172	480	15648	-353	66	91	2152	1716	1734	1680
0	0	0	0	1104	520	15732	-364	58	78	2154	1717	1739	1679
0	0	0	0	1188	468	15832	-361	61	83	2153	1714	1738	1681
0	0	0	0	1224	552	15760	-357	64	78	2153	1714	1739	1680
0	0	0	0	1224	468	15800	-350	59	104	2153	1713	1740	1682
0	0	0	0	1128	492	15780	-360	71	86	2151	1717	1740	1682
0	0	0	0	1108	584	15864	-350	56	87	2148	1714	1740	1682
0	0	0	0	1268	428	15860	-357	58	97	2156	1717	1742	1680
0	0	0	0	1200	416	15844	-363	57	96	2151	1716	1739	1681
0	0	0	0	1176	472	15752	-352	67	102	2153	1717	1739	1683
0	0	0	0	1264	540	15784	-363	63	94	2152	1716	1740	1682
0	0	0	0	1156	588	15752	-361	59	86	2155	1716	1740	1683
0	0	0	0	1292	488	15884	-354	64	92	2150	1714	1739	1681
0	0	0	0	1116	620	15840	-351	57	86	2152	1714	1740	1681
0	0	0	0	1176	556	15772	-362	70	90	2153	1713	1739	1681
0	0	0	0	1240	560	15876	-373	68	92	2153	1715	1741	1682
0	0	0	0	1192	524	15720	-366	68	92	2154	1716	1738	1681
0	0	0	0	1184	584	15712	-361	75	80	2153	1727	1736	1682
0	0	0	0	1136	552	15776	-366	67	93	2153	1715	1740	1682
0	0	0	0	1176	460	15740	-359	74	85	2153	1715	1737	1681
0	0	0	0	1176	500	15724	-360	65	89	2152	1717	1740	1681
0	0	0	0	1188	580	15704	-351	75	96	2152	1716	1736	1679
0	0	0	0	1172	472	15584	-365	67	88	2152	1716	1740	1682
0	0	0	0	1140	412	15784	-357	81	85	2154	1717	1740	1680
0	0	0	0	1172	488	15740	-366	51	82	2152	1716	1740	1678
0	0	0	0	1236	440	15756	-360	69	80	2154	1717	1741	1681
0	0	0	0	1272	444	15836	-358	67	87	2153	1714	1739	1683
0	0	0	0	1212	460	15648	-353	60	95	2153	1715	1742	1682
0	0	0	0	1116	456	15676	-366	61	82	2149	1717	1740	1682
0	0	0	0	1168	384	15776	-365	58	70	2152	1714	1740	1677
0	0	0	0	1208	456	15936	-364	66	91	2152	1715	1740	1682
0	0	0	0	1156	504	15760	-355	68	77	2152	1716	1741	1683
0	0	0	0	1128	516	15740	-367	58	91	2152	1715	1740	1681
0	0	0	0	1172	520	15912	-347	60	92	2153	1716	1740	1682
0	0	0	0	1248	412	15724	-361	68	87	2152	1716	1741	1684
0	0	0	0	1204	484	15900	-359	58	105	2154	1717	1741	1682
0	0	0	0	1188	496	15644	-357	69	81	2154	1717	1739	1682
0	0	0	0	1168	476	15668	-355	60	84	2154	1715	1740	1682
0	0	0	0	1184	480	15736	-370	59	98	2154	1714	1740	1681
0	0	0	0	1124	580	15912	-362	59	97	2152	1716	1737	1682
0	0	0	0	1216	552	15740	-363	66	81	2156	1717	1740	1682
0	0	0	0	1140	644	15700	-367	67	82	2153	1714	1740	1682
0	0	0	0	1236	464	15900	-355	63	96	2153	1715	1740	1682
0	0	0	0	1180	488	15768	-365	60	83	2160	1715	1740	1682
0	0	0	0	1148	464	15676	-355	75	96	2152	1716	1740	1682
0	0	0	0	1124	340	15852	-352	57	92	2153	1716	1740	1682
0	0	0	0	1216	504	15888	-363	69	90	2152	1717	1739	1679
0	0	0	0	1216	352	15772	-354	66	91	2154	1716	1741	1681
0	0	0	0	1156	536	15728	-360	64	96	2152	1717	1740	1681
0	0	0	0	1164	512	15804	-368	64	95	2154	1716	1741	1682
0	0	0	0	1120	436	15876	-364	75	91	2148	1715	1740	1683
0	0	0	0	1168	568	15732	-355	65	90	2153	1715	1741	1681
0	0	0	0	1096	432	15700	-362	59	91	2153	1716	1741	1684
0	0	0	0	1228	536	15752	-367	84	91	2155	1716	1745	1683
0	0	0	0	1164	496	15840	-354	67	74	2153	1716	1740	1681
0	0	0	0	1252	500	15768	-361	67	99	2153	1716	1741	1682
0	0	0	0	1268	500	15708	-368	75	90	2151	1716	1740	1682
0	0	0	0	1128	400	15708	-364	61	85	2153	1714	1740	1682
0	0	0	0	1184	456	15844	-363	66	74	2154	1716	1747	1683
0	0	0	0	1228	516	15716	-353	70	92	2154	1717	1741	1683
0	0	0	0	1136	548	15892	-358	66	92	2154	1716	1739	1676
0	0	0	0	1116	492	15676	-363	65	105	2154	1715	1736	1681
0	0	0	0	1072	528	15584	-368	67	81	2152	1715	1738	1682
0	0	0	0	1136	568	15656	-346	73	88	2152	1716	1740	1682
0	0	0	0	1200	500	15688	-360	64	90	2152	1716	1735	1682
0	0	0	0	1208	576	15748	-352	65	98	2152	1716	1739	1682
0	0	0	0	1180	476	15776	-361	60	90	2153	1715	1740	1682
0	0	0	0	1192	480	15676	-355	71	97	2153	1716	1740	1681
0	0	0	0	1196	504	15704	-343	62	81	2152	1715	1738	1677
0	0	0	0	1180	416	15784	-358	65	98	2152	1715	1739	1681
0	0	0	0	1120	428	15860	-360	61	97	2153	1711	1741	1683
0	0	0	0	1156	488	15700	-356	64	82	2154	1716	1740	1681
0	0	0	0	1100	516	15704	-347	68	95	2147	1715	1740	1681
0	0	0	0	1264	476	15788	-357	61	85	2153	1715	1739	1681
0	0	0	0	1156	516	15892	-357	58	88	2152	1716	1739	1682
0	0	0	0	1196	508	15756	-351	57	87	2148	1716	1740	1682
0	0	0	0	1176	436	15784	-351	68	96	2152	1717	1739	1682
0	0	0	0	1220	544	15868	-360	72	83	2152	1716	1739	1682
0	0	0	0	1156	472	15832	-359	65	87	2153	1714	1738	1683
0	0	0	0	1228	492	15776	-365	69	87	2154	1715	1740	1681
0	0	0	0	1152	452	15704	-363	56	87	2151	1716	1739	1691
0	0	0	0	1232	408	15704	-356	70	87	2153	1715	1740	1681
0	0	0	0	1192	408	15748	-365	68	93	2145	1716	1740	1683
0	0	0	0	1192	380	15840	-361	62	84	2153	1715	1740	1682
0	0	0	0	1200	472	15728	-360	73	95	2153	1716	1740	1682
0	0	0	0	1208	540	15920	-366	64	88	2154	1715	1740	1684
0	0	0	0	1176	492	15884	-364	66	90	2152	1714	1735	1681
0	0	0	0	1152	484	15752	-364	72	92	2152	1716	1740	1681
0	0	0	0	1164	536	15948	-347	72	88	2153	1716	1739	1682
0	0	0	0	1192	388	15580	-357	67	87	2153	1718	1740	1682
0	0	0	0	1208	452	15772	-345	65	88	2153	1715	1739	1679
0	0	0	0	1200	396	15704	-356	65	93	2153	1715	1740	1681
0	0	0	0	1236	468	15680	-358	69	85	2152	1716	1739	1681
0	0	0	0	1152	448	15776	-364	68	84	2154	1715	1739	1682
0	0	0	0	1160	432	15712	-352	66	98	2152	1716	1740	1681
0	0	0	0	1136	488	15720	-356	71	100	2153	1716	1740	1681
0	0	0	0	1160	620	15760	-360	75	87	2152	1716	1740	1681
0	0	0	0	1164	444	15804	-363	58	97	2148	1715	1739	1680
0	0	0	0	1208	476	15748	-348	58	81	2152	1711	1739	1681
0	0	0	0	1208	556	15832	-360	72	86	2152	1715	1739	1682
0	0	0	0	1280	532	15732	-364	69	97	2151	1716	1739	1683
0	0	0	0	1160	436	15644	-359	66	91	2152	1717	1739	1682
0	0	0	0	1280	564	15736	-367	64	99	2153	1715	1739	1682
0	0	0	0	1208	528	15800	-366	64	99	2153	1716	1741	1683
0	0	0	0	1188	492	15716	-353	66	86	2152	1715	1739	1681
0	0	0	0	1176	456	15812	-359	63	88	2154	1717	1739	1682
0	0	0	0	1336	572	15868	-350	63	88	2152	1716	1740	1682
0	0	0	0	1224	400	15804	-348	80	83	2155	1716	1741	1681
0	0	0	0	1248	460	15652	-354	57	97	2152	1717	1737	1681
0	0	0	0	1192	476	15744	-356	67	88	2154	1716	1739	1682
0	0	0	0	1200	424	15668	-362	62	93	2153	1714	1739	1682
0	0	0	0	1260	536	15788	-363	72	83	2152	1717	1739	1682
0	0	0	0	1108	480	15764	-361	66	84	2153	1716	1740	1679
0	0	0	0	1280	612	15744	-356	74	88	2152	1717	1740	1682
0	0	0	0	1276	536	15852	-375	68	87	2153	1716	1739	1683
0	0	0	0	1120	580	15896	-359	70	86	2154	1716	1740	1679
0	0	0	0	1240	428	15840	-368	75	85	2152	1715	1740	1681
0	0	0	0	1168	424	15736	-357	54	100	2153	1716	1740	1683
0	0	0	0	1228	496	15752	-348	68	87	2153	1717	1741	1682
0	0	0	0	1288	596	15756	-363	70	94	2148	1717	1739	1682
0	0	0	0	1168	472	15760	-357	77	87	2153	1717	1739	1681
0	0	0	0	1244	564	15828	-364	72	87	2154	1717	1741	1681
0	0	0	0	1200	432	15744	-361	64	89	2153	1716	1740	1684
0	0	0	0	1160	440	15868	-370	64	89	2152	1715	1741	1683
0	0	0	0	1248	484	15644	-355	63	87	2153	1716	1740	1682
0	0	0	0	1168	496	15764	-367	74	98	2152	1716	1739	1683
0	0	0	0	1244	500	15816	-361	76	96	2152	1716	1740	1683
0	0	0	0	1204	412	15616	-360	52	89	2153	1715	1740	1681
0	0	0	0	1156	488	15560	-354	71	88	2152	1715	1740	1682
0	0	0	0	1240	460	15656	-363	68	98	2155	1716	1739	1682
0	0	0	0	1264	488	15660	-361	60	95	2153	1715	1736	1682
0	0	0	0	1216	456	15704	-357	53	90	2155	1716	1741	1683
0	0	0	0	1244	544	15696	-359	66	86	2153	1716	1740	1681
0	0	0	0	1168	452	15844	-371	71	91	2153	1716	1739	1682
0	0	0	0	1168	508	15744	-365	62	85	2153	1708	1739	1678
0	0	0	0	1232	452	15668	-355	74	88	2152	1714	1741	1683
0	0	0	0	1228	416	15792	-354	73	91	2154	1717	1740	1682
0	0	0	0	1236	372	15604	-361	76	89	2154	1718	1740	1679
0	0	0	0	1156	472	15792	-360	59	103	2154	1717	1740	1681
0	0	0	0	1276	388	15780	-366	58	83	2154	1716	1741	1682
0	0	0	0	1208	564	15792	-360	63	76	2153	1715	1741	1682
0	0	0	0	1188	520	15840	-355	69	88	2149	1715	1739	1681
0	0	0	0	1172	512	15636	-364	57	99	2152	1722	1740	1681
0	0	0	0	1160	536	15840	-371	74	97	2153	1716	1741	1684
0	0	0	0	1260	572	15704	-366	63	92	2152	1717	1740	1681
0	0	0	0	1128	580	15860	-360	62	99	2152	1715	1740	1681
0	0	0	0	1264	544	15736	-351	71	81	2152	1716	1739	1682
0	0	0	0	1276	540	15724	-359	65	84	2151	1716	1740	1681
0	0	0	0	1236	476	15924	-349	60	85	2152	1714	1739	1681
0	0	0	0	1288	524	15728	-361	67	92	2152	1716	1740	1682
0	0	0	0	1188	460	15732	-351	71	80	2153	1714	1739	1681
0	0	0	0	1144	480	15752	-356	78	93	2153	1716	1740	1681
0	0	0	0	1248	508	15800	-353	68	83	2151	1714	1735	1681
0	0	0	0	1156	336	15764	-346	70	100	2152	1715	1739	1682
0	0	0	0	1256	468	15808	-347	65	95	2153	1717	1740	1682
0	0	0	0	1244	496	15640	-357	70	83	2152	1716	1738	1682
0	0	0	0	1320	444	15948	-357	77	93	2152	1715	1739	1681
0	0	0	0	1292	440	15752	-359	75	84	2153	1716	1739	1681
0	0	0	0	1100	420	15736	-353	58	93	2152	1715	1738	1682
0	0	0	0	1088	552	15792	-355	71	97	2151	1715	1740	1677
0	0	0	0	1252	456	15740	-357	64	87	2152	1716	1739	1681
0	0	0	0	1176	432	15792	-349	70	88	2153	1717	1739	1682
0	0	0	0	1296	500	15744	-354	67	80	2152	1715	1739	1680
0	0	0	0	1212	444	15708	-359	68	89	2148	1717	1739	1681
0	0	0	0	1200	440	15764	-371	76	82	2152	1715	1739	1680
0	0	0	0	1136	444	15860	-362	79	104	2152	1716	1741	1682
0	0	0	0	992	468	15640	-355	60	84	2150	1715	1739	1682
0	0	0	0	1260	548	15648	-366	60	88	2153	1716	1740	1682
0	0	0	0	1164	448	15752	-364	69	82	2152	1716	1739	1680
0	0	0	0	1172	444	15844	-348	68	95	2154	1715	1740	1682
0	0	0	0	1188	488	15820	-361	76	96	2153	1714	1739	1682
0	0	0	0	1112	576	15856	-349	70	94	2152	1716	1740	1681
0	0	0	0	1184	372	15644	-358	71	90	2153	1716	1739	1681
0	0	0	0	1096	508	15804	-360	59	87	2153	1717	1739	1682
0	0	0	0	1152	468	15636	-334	57	87	2153	1713	1736	1682
0	0	0	0	1232	492	15844	-377	58	89	2153	1715	1741	1683
0	0	0	0	1140	540	15876	-371	70	78	2153	1715	1740	1680
0	0	0	0	1232	544	15736	-355	75	106	2152	1716	1736	1682
0	0	0	0	1136	480	15848	-369	64	97	2153	1715	1740	1680
0	0	0	0	1216	508	15880	-351	65	83	2153	1716	1741	1681
0	0	0	0	1172	528	15688	-358	64	89	2153	1717	1740	1682
0	0	0	0	1204	628	15620	-362	74	82	2154	1716	1740	1678
0	0	0	0	1300	444	15680	-358	61	85	2153	1716	1741	1681
0	0	0	0	1152	516	15616	-354	69	86	2153	1717	1741	1681
0	0	0	0	1300	420	15748	-352	66	94	2152	1716	1740	1681
0	0	0	0	1312	580	15716	-365	67	86	2148	1716	1742	1681
0	0	0	0	1276	488	15676	-360	54	95	2153	1715	1741	1683
0	0	0	0	1228	436	15716	-360	74	87	2154	1716	1742	1681
0	0	0	0	1208	564	15732	-360	59	81	2147	1716	1740	1681
0	0	0	0	1228	516	15880	-364	72	75	2152	1711	1740	1681
0	0	0	0	1224	436	15884	-357	80	91	2152	1726	1739	1682
0	0	0	0	1272	488	15720	-351	66	92	2154	1716	1741	1684
0	0	0	0	1240	432	15920	-370	56	95	2153	1716	1740	1682
0	0	0	0	1228	552	15860	-354	65	84	2153	1716	1740	1682
0	0	0	0	1200	460	15684	-349	56	98	2153	1715	1739	1681
0	0	0	0	1184	432	15804	-362	70	96	2153	1716	1741	1682
0	0	0	0	1240	520	15656	-347	59	96	2153	1716	1739	1682
0	0	0	0	1232	548	15788	-361	76	94	2153	1726	1740	1683
0	0	0	0	1116	464	15740	-365	73	91	2153	1715	1740	1682
0	0	0	0	1156	408	15680	-364	71	84	2153	1716	1737	1681
0	0	0	0	1088	444	15716	-365	66	99	2153	1716	1739	1682
0	0	0	0	1236	524	15632	-357	75	95	2154	1717	1737	1683
0	0	0	0	1240	536	15628	-358	59	91	2152	1718	1740	1683
0	0	0	0	1224	512	15776	-349	66	91	2153	1717	1740	1679
0	0	0	0	1212	524	15676	-354	63	94	2153	1717	1741	1681
0	0	0	0	1192	540	15676	-360	67	95	2153	1717	1741	1682
0	0	0	0	1240	452	15708	-361	69	89	2152	1716	1740	1681
0	0	0	0	1168	496	15672	-357	61	99	2153	1716	1741	1681
0	0	0	0	1180	520	15692	-345	64	91	2154	1716	1740	1682
0	0	0	0	1148	496	15736	-367	66	100	2152	1715	1742	1682
0	0	0	0	1148	552	15684	-366	70	93	2150	1715	1739	1682
0	0	0	0	1216	592	15708	-360	75	98	2151	1716	1741	1682
0	0	0	0	1196	552	15800	-361	62	89	2153	1716	1740	1681
0	0	0	0	1128	592	15804	-363	65	95	2153	1718	1739	1683
0	0	0	0	1200	504	15748	-357	67	84	2153	1714	1740	1683
0	0	0	0	1224	468	15744	-357	74	93	2155	1717	1740	1683
0	0	0	0	1284	456	15816	-355	64	82	2152	1716	1740	1682
0	0	0	0	1208	508	15904	-360	74	88	2153	1715	1740	1682
0	0	0	0	1188	476	15732	-364	65	79	2154	1716	1740	1680
0	0	0	0	1180	572	15880	-359	69	83	2152	1715	1741	1682
0	0	0	0	1216	516	15724	-366	63	98	2153	1716	1739	1682
0	0	0	0	1280	420	15732	-350	65	87	2152	1715	1736	1681
0	0	0	0	1168	500	15852	-352	67	94	2153	1715	1739	1683
0	0	0	0	1136	612	15800	-361	66	88	2153	1717	1740	1681
0	0	0	0	1232	464	15680	-361	70	97	2152	1717	1739	1681
0	0	0	0	1180	484	15796	-362	53	84	2151	1716	1737	1678
0	0	0	0	1224	492	15772	-358	61	99	2153	1717	1739	1683
0	0	0	0	1252	480	15792	-364	65	96	2154	1716	1740	1683
0	0	0	0	1244	536	15700	-356	56	90	2153	1716	1739	1677
0	0	0	0	1244	396	16024	-364	74	86	2153	1715	1740	1680
0	0	0	0	1152	512	15788	-359	54	83	2153	1713	1738	1682
0	0	0	0	1200	436	15800	-361	74	86	2152	1716	1741	1675
0	0	0	0	1220	456	15808	-358	68	86	2148	1716	1739	1681
0	0	0	0	1156	544	15776	-360	68	105	2153	1715	1741	1682
0	0	0	0	1252	516	15928	-356	61	92	2153	1716	1739	1682
0	0	0	0	1252	480	15628	-355	63	87	2153	1715	1740	1681
0	0	0	0	1192	508	15616	-351	63	82	2153	1714	1739	1680
0	0	0	0	1228	504	15700	-356	68	99	2153	1715	1740	1683
0	0	0	0	1244	564	15764	-362	70	88	2152	1716	1740	1683
0	0	0	0	1212	476	15840	-355	59	84	2151	1714	1740	1685
0	0	0	0	1188	484	15620	-362	79	93	2151	1716	1750	1681
0	0	0	0	1228	640	15812	-358	63	95	2154	1716	1740	1682
0	0	0	0	1208	544	15776	-356	75	88	2153	1715	1738	1681
0	0	0	0	1140	508	15872	-345	50	80	2152	1715	1736	1681
0	0	0	0	1188	480	15728	-362	57	84	2153	1715	1739	1681
0	0	0	0	1228	512	15816	-365	72	90	2152	1717	1739	1682
0	0	0	0	1180	508	15684	-360	66	87	2152	1714	1739	1681
0	0	0	0	1136	524	15824	-355	66	86	2153	1715	1740	1679
0	0	0	0	1180	464	15828	-363	59	89	2152	1715	1739	1680
0	0	0	0	1124	544	16008	-355	73	86	2153	1716	1739	1673
0	0	0	0	1124	500	15808	-370	69	87	2152	1716	1741	1678
0	0	0	0	1220	496	15644	-355	69	85	2153	1716	1740	1681
0	0	0	0	1228	484	15812	-364	68	93	2153	1715	1739	1681
0	0	0	0	1212	532	15632	-365	65	94	2154	1714	1741	1681
0	0	0	0	1132	484	15792	-368	59	102	2150	1714	1741	1679
0	0	0	0	1192	484	15776	-370	72	96	2152	1715	1738	1681
0	0	0	0	1172	444	15740	-354	57	93	2156	1717	1740	1682
0	0	0	0	1184	496	15700	-358	73	86	2153	1717	1738	1682
0	0	0	0	1192	368	15620	-356	78	84	2152	1715	1739	1682
0	0	0	0	1176	552	15728	-355	68	97	2152	1715	1740	1681
0	0	0	0	1232	432	15816	-351	64	89	2152	1716	1740	1682
0	0	0	0	1232	444	15736	-374	60	101	2153	1716	1741	1682
0	0	0	0	1172	496	15724	-359	64	99	2153	1717	1739	1683
0	0	0	0	1232	504	15704	-359	65	89	2154	1717	1741	1682
0	0	0	0	1264	476	15716	-369	63	85	2154	1716	1739	1681
0	0	0	0	1220	620	15512	-360	69	94	2154	1716	1737	1682
0	0	0	0	1292	548	15708	-357	65	91	2153	1720	1740	1683
0	0	0	0	1184	464	15772	-368	64	84	2152	1717	1741	1682
0	0	0	0	1216	488	15704	-366	68	92	2154	1716	1736	1682
0	0	0	0	1164	400	15872	-355	70	99	2153	1717	1739	1682
0	0	0	0	1220	500	15672	-346	80	84	2151	1715	1743	1681
0	0	0	0	1224	556	15736	-350	60	102	2154	1719	1740	1682
0	0	0	0	1136	476	15668	-354	65	81	2152	1716	1739	1677
0	0	0	0	1312	420	15660	-363	69	89	2153	1716	1740	1681
0	0	0	0	1156	472	15644	-362	65	95	2153	1717	1741	1681
0	0	0	0	1264	520	15704	-350	66	95	2153	1716	1741	1682
0	0	0	0	1192	480	15724	-361	66	87	2149	1716	1740	1681
0	0	0	0	1200	548	15764	-352	68	88	2155	1715	1740	1682
0	0	0	0	1148	472	15832	-370	52	86	2152	1715	1739	1684
0	0	0	0	1188	540	15780	-355	66	93	2148	1716	1741	1682
0	0	0	0	1212	580	15716	-365	63	98	2152	1716	1741	1682
0	0	0	0	1188	628	15616	-350	69	97	2153	1718	1740	1682
0	0	0	0	1256	500	15764	-357	60	85	2153	1716	1741	1684
0	0	0	0	1180	460	15708	-369	61	98	2153	1714	1742	1681
0	0	0	0	1340	488	15664	-377	69	91	2154	1716	1740	1682
0	0	0	0	1200	524	15672	-364	64	89	2153	1716	1738	1682
0	0	0	0	1208	544	15716	-357	53	88	2153	1716	1740	1682
0	0	0	0	1176	512	15764	-356	62	89	2149	1716	1741	1682
0	0	0	0	1220	596	15740	-362	63	86	2153	1717	1741	1681
0	0	0	0	1324	520	15984	-352	61	100	2156	1709	1740	1679
0	0	0	0	1176	460	15856	-353	58	81	2152	1715	1735	1682
0	0	0	0	1124	420	15668	-364	71	95	2153	1717	1740	1682
0	0	0	0	1072	488	15788	-362	75	89	2154	1716	1740	1684
0	0	0	0	1200	476	15880	-366	69	93	2153	1718	1740	1683
0	0	0	0	1200	524	15768	-368	71	81	2154	1716	1740	1679
0	0	0	0	1132	460	15740	-367	73	90	2154	1715	1739	1682
0	0	0	0	1192	456	15696	-359	61	85	2154	1716	1740	1691
0	0	0	0	1212	532	15716	-355	78	92	2155	1716	1739	1682
0	0	0	0	1200	432	15824	-356	54	87	2153	1715	1740	1681
0	0	0	0	1312	392	15836	-359	55	92	2153	1716	1739	1683
0	0	0	0	1252	388	15680	-355	65	91	2153	1716	1740	1679
0	0	0	0	1220	528	15852	-361	56	90	2149	1715	1739	1681
0	0	0	0	1160	512	15784	-361	68	87	2152	1715	1739	1682
0	0	0	0	1200	540	15880	-357	65	90	2152	1716	1740	1682
0	0	0	0	1108	580	15704	-350	68	87	2153	1718	1739	1682
0	0	0	0	1024	540	15800	-357	64	88	2152	1715	1739	1682
0	0	0	0	1224	456	15920	-347	69	86	2154	1715	1740	1681
0	0	0	0	1164	536	15728	-355	68	87	2154	1715	1738	1681
0	0	0	0	1216	428	15796	-355	62	88	2151	1716	1739	1681
0	0	0	0	1148	572	15780	-374	61	86	2154	1715	1739	1681
0	0	0	0	1152	500	15852	-354	77	92	2152	1716	1740	1682
0	0	0	0	1232	420	15732	-367	77	91	2155	1715	1740	1681
0	0	0	0	1180	444	15784	-359	59	94	2152	1716	1736	1680
0	0	0	0	1256	516	15744	-360	78	86	2155	1715	1740	1682
0	0	0	0	1152	472	15784	-361	63	91	2153	1719	1737	1682
0	0	0	0	1328	380	15732	-357	58	86	2153	1715	1739	1681
0	0	0	0	1244	556	15800	-367	73	75	2152	1718	1741	1678
0	0	0	0	1248	564	15680	-368	63	101	2153	1716	1741	1681
0	0	0	0	1208	428	15800	-366	60	89	2153	1723	1741	1681
0	0	0	0	1284	384	16000	-368	57	93	2152	1715	1739	1677
0	0	0	0	1288	484	15636	-353	66	96	2154	1713	1739	1681
0	0	0	0	1228	464	15752	-367	61	108	2153	1715	1739	1683
0	0	0	0	1096	540	15892	-347	64	92	2153	1715	1740	1682
0	0	0	0	1348	420	15524	-370	71	102	2151	1716	1739	1681
0	0	0	0	1140	412	15780	-373	59	79	2153	1715	1742	1683
0	0	0	0	1200	512	15844	-353	52	93	2154	1715	1736	1681
0	0	0	0	1252	576	15748	-352	65	99	2153	1716	1739	1682
0	0	0	0	1248	492	15736	-360	69	93	2153	1711	1740	1681
0	0	0	0	1208	0	16468	-335	76	98	2151	1717	1739	1681
0	0	0	0	1420	432	15312	-362	99	85	2153	1716	1741	1683
0	0	0	0	1252	468	15936	-344	85	73	2153	1714	1738	1681
