0	0	0	0	772	780	15960	-347	85	82	2040	1612	1761	1701
0	0	0	0	736	480	15620	-350	86	109	2040	1609	1758	1702
0	0	0	0	724	448	16016	-350	67	119	2038	1609	1761	1702
0	0	0	0	696	248	15664	-349	74	98	2041	1609	1762	1702
0	0	0	0	524	516	15852	-339	70	87	2038	1611	1762	1702
0	0	0	0	516	596	15768	-347	68	103	2038	1611	1761	1700
0	0	0	0	716	476	15880	-362	72	97	2038	1611	1760	1702
0	0	0	0	588	432	15836	-354	66	78	2038	1610	1762	1701
0	0	0	0	556	660	15704	-350	61	74	2037	1611	1762	1702
0	0	0	0	668	532	15864	-366	79	111	2032	1611	1761	1703
0	0	0	0	632	328	15776	-357	63	98	2039	1609	1761	1701
0	0	0	0	676	504	15864	-335	61	84	2039	1611	1761	1701
0	0	0	0	720	492	15628	-362	65	85	2032	1609	1761	1715
0	0	0	0	724	360	15912	-362	60	92	2038	1602	1761	1695
0	0	0	0	836	456	15828	-340	69	90	2037	1610	1762	1704
0	0	0	0	684	504	15724	-355	77	85	2039	1610	1762	1712
0	0	0	0	760	544	15820	-359	61	103	2038	1606	1763	1701
0	0	0	0	764	488	15828	-351	69	86	2037	1610	1762	1703
0	0	0	0	664	484	15836	-355	71	91	2038	1611	1760	1702
0	0	0	0	680	488	15752	-363	62	103	2038	1610	1762	1704
0	0	0	0	688	528	15920	-358	66	89	2038	1610	1760	1703
0	0	0	0	692	468	15856	-351	71	93	2037	1609	1769	1702
0	0	0	0	588	516	15900	-360	58	81	2039	1610	1760	1701
0	0	0	0	620	468	15720	-353	67	87	2039	1612	1758	1707
0	0	0	0	632	548	15740	-365	63	94	2037	1611	1760	1703
0	0	0	0	644	432	15860	-366	55	90	2038	1610	1761	1701
0	0	0	0	596	432	15716	-369	66	87	2038	1611	1761	1701
0	0	0	0	684	412	15904	-366	70	88	2039	1609	1761	1699
0	0	0	0	568	500	15696	-359	69	84	2038	1609	1763	1702
0	0	0	0	652	484	15724	-357	68	89	2037	1608	1763	1702
0	0	0	0	744	496	15840	-356	71	83	2037	1611	1761	1701
0	0	0	0	724	540	15748	-350	66	99	2038	1608	1760	1711
0	0	0	0	712	424	15860	-360	75	93	2039	1610	1761	1702
0	0	0	0	708	516	15852	-365	54	82	2038	1608	1763	1700
0	0	0	0	652	544	15800	-363	66	88	2034	1610	1759	1701
0	0	0	0	628	484	15832	-360	78	94	2038	1610	1760	1700
0	0	0	0	636	484	15740	-362	76	97	2036	1609	1759	1703
0	0	0	0	596	520	15868	-356	66	88	2038	1609	1760	1700
0	0	0	0	628	508	15840	-360	61	89	2036	1604	1761	1700
0	0	0	0	672	428	15752	-360	68	71	2038	1610	1760	1701
0	0	0	0	660	428	15792	-362	50	93	2036	1609	1761	1702
0	0	0	0	692	464	15716	-355	67	93	2038	1608	1760	1701
0	0	0	0	780	564	15764	-366	65	88	2036	1611	1760	1701
0	0	0	0	700	564	15832	-366	63	91	2038	1609	1760	1701
0	0	0	0	708	524	15860	-359	74	89	2039	1610	1763	1702
0	0	0	0	624	396	15788	-353	64	97	2039	1609	1758	1699
0	0	0	0	536	432	15680	-350	59	93	2039	1609	1760	1701
0	0	0	0	652	476	15812	-353	64	95	2038	1610	1762	1702
0	0	0	0	804	476	15904	-355	61	89	2039	1611	1761	1702
0	0	0	0	676	456	15752	-355	56	84	2037	1610	1761	1696
0	0	0	0	656	528	15852	-359	58	93	2036	1610	1761	1702
0	0	0	0	576	432	15684	-347	61	95	2040	1608	1761	1701
0	0	0	0	652	484	15800	-354	67	95	2036	1609	1762	1699
0	0	0	0	636	520	15708	-351	67	92	2037	1608	1762	1703
0	0	0	0	584	612	15844	-367	72	99	2037	1611	1760	1702
0	0	0	0	644	456	15776	-364	65	98	2037	1609	1761	1702
0	0	0	0	552	436	15880	-357	75	91	2033	1609	1762	1702
0	0	0	0	660	504	15792	-348	63	100	2036	1618	1760	1701
0	0	0	0	708	488	15740	-356	79	95	2039	1610	1759	1700
0	0	0	0	792	500	15880	-365	67	90	2039	1611	1761	1700
0	0	0	0	660	540	15788	-370	57	94	2035	1606	1760	1702
0	0	0	0	548	532	15748	-357	69	96	2037	1610	1761	1700
0	0	0	0	608	592	15808	-352	77	83	2037	1610	1761	1699
0	0	0	0	704	376	15816	-355	73	87	2039	1604	1761	1701
0	0	0	0	600	552	15656	-366	69	77	2037	1610	1760	1702
0	0	0	0	652	440	15912	-352	66	102	2037	1610	1759	1702
0	0	0	0	652	504	15856	-368	62	95	2038	1611	1760	1701
0	0	0	0	632	480	15776	-354	75	73	2038	1609	1758	1699
0	0	0	0	732	488	15804	-367	68	96	2037	1610	1762	1702
0	0	0	0	600	528	15880	-347	63	95	2038	1609	1762	1700
0	0	0	0	552	412	15792	-350	72	94	2039	1609	1760	1701
0	0	0	0	716	372	15728	-355	68	81	2039	1610	1760	1697
0	0	0	0	740	448	15796	-361	66	92	2037	1609	1761	1703
0	0	0	0	576	552	15780	-361	72	98	2038	1606	1761	1701
0	0	0	0	632	412	15876	-353	77	91	2037	1609	1762	1699
0	0	0	0	632	512	15868	-351	69	94	2040	1609	1761	1702
0	0	0	0	632	436	15796	-356	62	90	2037	1609	1762	1702
0	0	0	0	676	476	15780	-364	68	92	2037	1608	1762	1703
0	0	0	0	608	408	15740	-360	57	86	2034	1611	1760	1703
0	0	0	0	668	524	15696	-360	64	97	2038	1609	1761	1707
0	0	0	0	612	552	15656	-361	58	85	2037	1611	1762	1703
0	0	0	0	652	432	15840	-357	67	86	2038	1609	1762	1701
0	0	0	0	664	496	15860	-353	70	79	2036	1610	1760	1702
0	0	0	0	584	448	15852	-365	68	98	2038	1610	1761	1701
0	0	0	0	712	544	15856	-356	67	89	2036	1610	1760	1704
0	0	0	0	620	376	15704	-354	55	95	2038	1606	1762	1712
0	0	0	0	664	528	15876	-352	63	96	2037	1609	1762	1702
0	0	0	0	624	476	15920	-352	66	91	2040	1609	1761	1702
0	0	0	0	648	548	15732	-362	71	82	2037	1610	1762	1702
0	0	0	0	664	504	15748	-361	67	91	2037	1609	1758	1702
0	0	0	0	664	532	15608	-361	65	75	2037	1610	1762	1701
0	0	0	0	724	464	15744	-361	77	82	2038	1609	1761	1702
0	0	0	0	784	468	15788	-340	76	98	2038	1610	1762	1703
0	0	0	0	648	444	15844	-354	68	83	2038	1609	1768	1702
0	0	0	0	648	616	15760	-358	57	91	2039	1610	1759	1699
0	0	0	0	600	576	15756	-355	69	91	2038	1612	1760	1702
0	0	0	0	688	480	15820	-354	65	91	2035	1609	1760	1700
0	0	0	0	676	612	15792	-364	60	86	2038	1610	1761	1702
0	0	0	0	696	512	15800	-368	62	91	2037	1609	1761	1701
0	0	0	0	652	572	15736	-363	72	92	2039	1610	1763	1701
0	0	0	0	672	480	15696	-343	65	85	2032	1609	1762	1703
0	0	0	0	588	532	15772	-350	60	84	2038	1610	1761	1702
0	0	0	0	632	476	15696	-360	60	81	2037	1611	1761	1702
0	0	0	0	620	524	15792	-346	63	92	2032	1609	1760	1703
0	0	0	0	696	452	15804	-349	60	85	2039	1611	1762	1702
0	0	0	0	580	488	15784	-357	56	88	2038	1609	1762	1701
0	0	0	0	732	492	15744	-364	70	92	2039	1611	1759	1701
0	0	0	0	820	520	15704	-354	61	95	2038	1607	1762	1702
0	0	0	0	724	512	15820	-366	65	95	2037	1610	1761	1703
0	0	0	0	680	380	15720	-345	67	98	2037	1610	1762	1701
0	0	0	0	612	504	15640	-355	69	88	2038	1612	1763	1701
0	0	0	0	680	476	15736	-363	62	99	2039	1609	1759	1701
0	0	0	0	688	516	15864	-364	72	88	2036	1608	1762	1702
0	0	0	0	640	452	15704	-364	60	91	2037	1609	1761	1703
0	0	0	0	616	544	15780	-351	54	97	2038	1612	1758	1702
0	0	0	0	696	428	15892	-350	66	90	2037	1608	1760	1695
0	0	0	0	632	496	15908	-353	58	103	2039	1610	1760	1701
0	0	0	0	636	500	15780	-354	69	84	2037	1609	1763	1700
0	0	0	0	632	564	15820	-344	62	92	2038	1610	1759	1697
0	0	0	0	568	480	15892	-364	66	90	2038	1610	1759	1700
0	0	0	0	620	500	15748	-356	77	95	2036	1609	1759	1703
0	0	0	0	656	456	15868	-350	54	96	2037	1616	1761	1700
0	0	0	0	628	532	15768	-355	73	92	2033	1609	1761	1700
0	0	0	0	564	500	15692	-356	67	94	2039	1608	1760	1701
0	0	0	0	628	532	15892	-353	74	82	2035	1609	1757	1701
0	0	0	0	740	524	15876	-347	69	88	2034	1608	1762	1701
0	0	0	0	684	444	15796	-350	73	80	2037	1611	1760	1701
0	0	0	0	700	408	15684	-356	64	86	2037	1605	1761	1702
0	0	0	0	656	416	15712	-367	76	91	2045	1610	1761	1702
0	0	0	0	784	392	15928	-370	71	100	2036	1607	1760	1701
0	0	0	0	624	492	15800	-348	64	95	2039	1609	1756	1700
0	0	0	0	544	476	15840	-359	75	87	2039	1610	1760	1701
0	0	0	0	724	444	15876	-362	70	86	2037	1609	1760	1702
0	0	0	0	632	520	15876	-356	68	94	2037	1609	1761	1699
0	0	0	0	556	500	15888	-347	72	98	2037	1611	1761	1700
0	0	0	0	704	524	15816	-364	60	89	2037	1610	1763	1702
0	0	0	0	728	552	15844	-360	62	92	2035	1609	1758	1699
0	0	0	0	680	504	15636	-361	75	96	2036	1608	1761	1701
0	0	0	0	572	532	15756	-357	55	100	2039	1609	1762	1700
0	0	0	0	564	456	15792	-363	75	88	2037	1609	1760	1701
0	0	0	0	580	504	15824	-353	64	91	2037	1610	1762	1698
0	0	0	0	768	424	15712	-356	66	84	2038	1609	1762	1701
0	0	0	0	660	420	15772	-364	69	90	2039	1609	1760	1710
0	0	0	0	744	480	15684	-357	60	87	2038	1610	1759	1700
0	0	0	0	612	440	15688	-362	67	90	2037	1609	1759	1704
0	0	0	0	608	468	15904	-366	66	91	2036	1610	1760	1696
0	0	0	0	640	476	15860	-353	59	91	2037	1609	1762	1702
0	0	0	0	648	412	15800	-360	66	89	2035	1609	1761	1700
0	0	0	0	676	488	15968	-359	68	92	2032	1609	1753	1700
0	0	0	0	664	496	15796	-366	76	84	2037	1609	1761	1702
0	0	0	0	696	556	15792	-358	69	93	2036	1611	1760	1702
0	0	0	0	728	344	15776	-353	65	86	2038	1605	1760	1702
0	0	0	0	720	544	15836	-356	64	92	2038	1610	1763	1702
0	0	0	0	664	536	15784	-354	69	99	2037	1610	1762	1702
0	0	0	0	580	480	15780	-356	61	87	2039	1606	1760	1701
0	0	0	0	628	496	15936	-346	65	90	2039	1610	1761	1701
0	0	0	0	720	580	15772	-355	75	83	2036	1610	1761	1703
0	0	0	0	676	536	15832	-355	68	86	2038	1603	1761	1700
0	0	0	0	624	472	15860	-366	64	89	2037	1610	1758	1701
0	0	0	0	596	552	15692	-358	66	97	2039	1610	1762	1702
0	0	0	0	636	512	15868	-358	67	93	2036	1610	1761	1702
0	0	0	0	680	532	15764	-360	47	88	2037	1611	1754	1703
0	0	0	0	632	580	15736	-356	77	92	2038	1612	1760	1697
0	0	0	0	676	464	15888	-351	76	82	2038	1609	1761	1709
0	0	0	0	708	504	15860	-359	61	92	2038	1611	1762	1703
0	0	0	0	700	516	15676	-355	67	94	2038	1609	1763	1697
0	0	0	0	644	488	15844	-355	70	93	2039	1610	1760	1700
0	0	0	0	652	436	15864	-373	60	89	2038	1610	1761	1701
0	0	0	0	580	452	15780	-365	74	93	2038	1610	1761	1703
0	0	0	0	704	500	15812	-364	59	90	2033	1610	1761	1701
0	0	0	0	644	480	15776	-354	69	100	2038	1610	1762	1702
0	0	0	0	672	424	15848	-353	77	97	2039	1608	1761	1701
0	0	0	0	628	404	15744	-362	57	85	2035	1609	1759	1703
0	0	0	0	568	412	15840	-363	68	95	2037	1606	1762	1702
0	0	0	0	628	468	15800	-351	71	95	2038	1611	1761	1702
0	0	0	0	668	476	15656	-358	65	100	2038	1611	1761	1704
0	0	0	0	752	400	15816	-352	65	95	2037	1606	1762	1702
0	0	0	0	620	480	15676	-347	40	99	2038	1609	1762	1702
0	0	0	0	668	452	15724	-357	60	90	2039	1610	1761	1701
0	0	0	0	668	592	15976	-351	63	99	2039	1610	1761	1701
0	0	0	0	740	536	15916	-358	60	91	2036	1610	1758	1702
0	0	0	0	672	600	15696	-361	70	97	2037	1610	1762	1701
0	0	0	0	596	464	15632	-354	70	86	2036	1609	1762	1701
0	0	0	0	636	476	15928	-348	58	91	2040	1611	1761	1702
0	0	0	0	624	532	15872	-359	58	102	2038	1611	1763	1701
0	0	0	0	636	484	15868	-353	66	94	2037	1608	1762	1703
0	0	0	0	580	480	15788	-361	68	88	2038	1612	1761	1702
0	0	0	0	696	448	15732	-354	77	82	2038	1609	1760	1710
0	0	0	0	576	524	15984	-357	66	102	2039	1609	1762	1701
0	0	0	0	644	444	15752	-352	72	92	2039	1610	1764	1701
0	0	0	0	648	584	15708	-357	57	82	2039	1611	1761	1701
0	0	0	0	736	496	15820	-353	65	98	2034	1610	1762	1701
0	0	0	0	680	468	15752	-355	64	89	2035	1610	1761	1703
0	0	0	0	728	400	15900	-350	66	86	2037	1609	1761	1701
0	0	0	0	664	440	15936	-356	66	78	2039	1607	1759	1702
0	0	0	0	548	448	15888	-356	71	81	2039	1609	1761	1700
0	0	0	0	656	520	15820	-359	75	85	2036	1606	1762	1702
0	0	0	0	704	572	15960	-352	61	84	2037	1609	1760	1702
0	0	0	0	760	524	15900	-362	57	102	2039	1604	1761	1701
0	0	0	0	624	480	15832	-362	60	94	2038	1609	1759	1702
0	0	0	0	700	456	15880	-348	58	87	2037	1610	1762	1702
0	0	0	0	668	524	15676	-359	63	83	2038	1609	1759	1701
0	0	0	0	748	580	15956	-358	56	101	2039	1609	1758	1701
0	0	0	0	704	512	15736	-344	59	80	2038	1607	1760	1701
0	0	0	0	572	532	15772	-349	68	98	2037	1609	1761	1702
0	0	0	0	668	456	15820	-358	75	94	2035	1610	1758	1701
0	0	0	0	564	540	15760	-345	56	97	2035	1611	1762	1700
0	0	0	0	696	512	15860	-368	79	88	2039	1607	1761	1701
0	0	0	0	588	552	15784	-358	64	91	2036	1609	1763	1702
0	0	0	0	692	584	15820	-358	64	89	2038	1609	1761	1699
0	0	0	0	720	488	15804	-357	75	101	2039	1609	1762	1701
0	0	0	0	596	560	15936	-366	69	95	2037	1604	1757	1702
0	0	0	0	728	500	15860	-364	79	95	2038	1610	1763	1702
0	0	0	0	576	532	15780	-360	64	93	2033	1608	1761	1701
0	0	0	0	628	468	15796	-359	56	94	2037	1609	1759	1701
0	0	0	0	688	448	15816	-361	73	100	2037	1612	1760	1701
0	0	0	0	560	400	15852	-365	80	85	2034	1610	1761	1708
0	0	0	0	744	492	15676	-353	64	101	2034	1611	1760	1702
0	0	0	0	700	496	15852	-356	73	84	2037	1610	1761	1700
0	0	0	0	700	556	15840	-362	57	91	2039	1609	1760	1702
0	0	0	0	684	520	15696	-371	70	101	2038	1606	1763	1701
0	0	0	0	656	464	15704	-352	76	81	2036	1608	1761	1701
0	0	0	0	712	488	15812	-359	57	93	2037	1605	1760	1701
0	0	0	0	560	460	15656	-354	61	88	2037	1607	1760	1705
0	0	0	0	708	496	15780	-354	70	92	2037	1610	1757	1702
0	0	0	0	680	380	15772	-349	75	94	2038	1610	1758	1701
0	0	0	0	596	484	15804	-367	68	84	2039	1609	1759	1701
0	0	0	0	568	484	15732	-349	69	100	2037	1610	1758	1699
0	0	0	0	672	400	15816	-365	68	92	2036	1610	1760	1702
0	0	0	0	620	468	15800	-353	70	94	2037	1610	1761	1701
0	0	0	0	704	444	15732	-357	71	93	2037	1610	1762	1702
0	0	0	0	708	444	15736	-355	67	94	2039	1608	1761	1698
0	0	0	0	704	436	15784	-359	60	95	2037	1604	1765	1702
0	0	0	0	696	592	16044	-352	72	88	2039	1610	1762	1701
0	0	0	0	688	456	15772	-354	63	98	2038	1613	1762	1702
0	0	0	0	664	536	15680	-352	75	89	2038	1609	1771	1703
0	0	0	0	584	508	15836	-355	67	94	2037	1611	1762	1702
0	0	0	0	600	564	15808	-356	62	81	2038	1609	1764	1701
0	0	0	0	804	536	15724	-353	62	85	2034	1609	1763	1713
0	0	0	0	716	476	15792	-353	71	88	2039	1611	1762	1701
0	0	0	0	668	576	15832	-358	63	76	2039	1608	1761	1703
0	0	0	0	788	460	15800	-353	66	101	2037	1611	1761	1702
0	0	0	0	624	312	15736	-351	61	90	2037	1606	1762	1701
0	0	0	0	640	456	15888	-361	64	97	2040	1608	1761	1701
0	0	0	0	676	508	15732	-347	73	98	2036	1610	1762	1702
0	0	0	0	688	560	15844	-362	70	87	2037	1609	1762	1702
0	0	0	0	648	412	15688	-358	63	88	2038	1612	1760	1702
0	0	0	0	756	548	15836	-350	70	92	2038	1610	1761	1702
0	0	0	0	688	468	15700	-352	65	98	2037	1611	1762	1702
0	0	0	0	696	492	15720	-361	74	83	2038	1609	1760	1702
0	0	0	0	568	504	15664	-347	71	94	2039	1610	1761	1701
0	0	0	0	580	456	15724	-365	65	78	2037	1610	1762	1703
0	0	0	0	636	552	15824	-368	71	92	2036	1610	1761	1704
0	0	0	0	700	488	15876	-369	82	89	2040	1611	1760	1700
0	0	0	0	548	508	15756	-344	73	93	2036	1609	1762	1701
0	0	0	0	588	504	15788	-363	68	91	2040	1610	1762	1702
0	0	0	0	624	444	15948	-350	69	89	2037	1609	1762	1699
0	0	0	0	636	584	15908	-348	72	91	2038	1610	1762	1703
0	0	0	0	700	440	15816	-361	72	93	2037	1612	1761	1703
0	0	0	0	544	424	15812	-346	65	76	2037	1609	1762	1701
0	0	0	0	588	568	15824	-357	65	81	2033	1611	1762	1702
0	0	0	0	588	452	15768	-374	57	89	2038	1610	1763	1701
0	0	0	0	636	576	15864	-356	73	100	2040	1610	1762	1703
0	0	0	0	612	528	15840	-359	74	88	2039	1611	1760	1701
0	0	0	0	672	480	15892	-357	53	90	2037	1605	1761	1702
0	0	0	0	664	460	15832	-347	74	90	2038	1610	1761	1701
0	0	0	0	732	568	15756	-365	60	93	2037	1611	1762	1701
0	0	0	0	596	488	15808	-355	76	105	2038	1607	1761	1703
0	0	0	0	596	488	15800	-365	65	82	2036	1609	1761	1701
0	0	0	0	668	544	15940	-353	63	86	2038	1610	1762	1703
0	0	0	0	684	608	15808	-355	71	89	2038	1612	1761	1701
0	0	0	0	656	484	15768	-352	56	87	2038	1609	1758	1703
0	0	0	0	560	508	15736	-350	77	86	2038	1610	1761	1703
0	0	0	0	680	512	15836	-363	70	86	2037	1609	1763	1700
0	0	0	0	680	532	15800	-357	75	103	2039	1608	1761	1701
0	0	0	0	716	440	15808	-355	64	92	2038	1610	1762	1697
0	0	0	0	704	544	15728	-368	76	96	2035	1609	1760	1703
0	0	0	0	576	496	15704	-362	62	95	2032	1609	1761	1700
0	0	0	0	640	508	15748	-362	61	93	2037	1609	1762	1698
0	0	0	0	624	436	15768	-354	69	88	2037	1612	1762	1702
0	0	0	0	648	456	15660	-356	71	91	2036	1603	1761	1700
0	0	0	0	660	512	15888	-367	60	82	2037	1608	1762	1702
0	0	0	0	700	492	15772	-344	55	83	2031	1606	1760	1701
0	0	0	0	632	496	15724	-354	65	74	2038	1609	1761	1701
0	0	0	0	704	484	15824	-352	66	97	2038	1610	1761	1701
0	0	0	0	612	404	15904	-349	69	93	2037	1609	1762	1700
0	0	0	0	704	504	15776	-366	71	87	2039	1609	1760	1700
0	0	0	0	672	460	15776	-358	59	95	2039	1610	1760	1702
0	0	0	0	652	444	15708	-344	65	97	2037	1610	1762	1704
0	0	0	0	660	412	15772	-351	61	90	2037	1606	1761	1700
0	0	0	0	636	548	15860	-358	68	96	2037	1610	1762	1701
0	0	0	0	704	488	15880	-356	71	91	2040	1608	1761	1699
0	0	0	0	652	548	15852	-353	62	84	2037	1608	1762	1701
0	0	0	0	648	512	15824	-351	69	80	2038	1608	1758	1702
0	0	0	0	664	456	15676	-353	68	87	2037	1608	1761	1702
0	0	0	0	656	472	15760	-363	60	89	2038	1608	1760	1702
0	0	0	0	648	584	15784	-355	69	81	2037	1610	1761	1702
0	0	0	0	688	520	15816	-354	58	90	2038	1609	1762	1701
0	0	0	0	596	564	15724	-356	74	90	2038	1609	1760	1701
0	0	0	0	628	488	15792	-353	68	83	2039	1610	1762	1700
0	0	0	0	628	536	15868	-348	64	90	2035	1609	1760	1699
0	0	0	0	616	492	15920	-357	71	100	2039	1611	1761	1702
0	0	0	0	648	392	15832	-356	73	88	2037	1609	1762	1701
0	0	0	0	628	448	15904	-352	64	93	2039	1609	1762	1701
0	0	0	0	568	416	15848	-361	59	87	2032	1609	1762	1701
0	0	0	0	580	344	15904	-355	76	93	2038	1608	1761	1703
0	0	0	0	644	456	15824	-364	61	95	2037	1609	1760	1701
0	0	0	0	628	568	15948	-358	74	93	2033	1609	1760	1702
0	0	0	0	660	456	15792	-370	61	87	2032	1610	1761	1702
0	0	0	0	672	396	15804	-350	68	99	2037	1610	1762	1700
0	0	0	0	748	464	15800	-364	63	98	2040	1609	1759	1700
0	0	0	0	644	500	15756	-360	57	86	2040	1606	1761	1701
0	0	0	0	692	496	15776	-349	76	81	2035	1611	1761	1703
0	0	0	0	620	532	15744	-352	61	85	2038	1610	1761	1701
0	0	0	0	608	476	15856	-351	63	86	2037	1611	1762	1702
0	0	0	0	616	508	15868	-354	65	105	2040	1610	1758	1703
0	0	0	0	652	520	15860	-353	66	77	2038	1610	1761	1702
0	0	0	0	724	480	15764	-357	56	83	2037	1609	1762	1703
0	0	0	0	660	568	15772	-357	63	100	2039	1610	1758	1701
0	0	0	0	572	432	15640	-359	58	88	2038	1609	1762	1703
0	0	0	0	620	584	15820	-351	54	90	2037	1610	1762	1702
0	0	0	0	576	388	15624	-360	61	93	2038	1611	1762	1702
0	0	0	0	544	564	15620	-353	78	96	2039	1610	1758	1698
0	0	0	0	592	512	15724	-364	64	93	2038	1611	1762	1701
0	0	0	0	636	508	15888	-354	59	93	2036	1610	1760	1704
0	0	0	0	724	496	15936	-357	63	99	2037	1611	1761	1701
0	0	0	0	604	452	15768	-361	63	85	2033	1610	1762	1702
0	0	0	0	736	548	15700	-359	64	106	2037	1610	1759	1703
0	0	0	0	688	508	15804	-362	60	100	2038	1610	1763	1702
0	0	0	0	596	520	15792	-358	66	91	2033	1609	1755	1702
0	0	0	0	632	460	15832	-358	56	100	2040	1610	1760	1701
0	0	0	0	652	444	15888	-362	68	97	2038	1609	1761	1694
0	0	0	0	784	500	15816	-353	63	100	2038	1609	1761	1701
0	0	0	0	688	544	15820	-350	68	81	2038	1605	1763	1700
0	0	0	0	568	520	15852	-351	72	78	2036	1610	1761	1702
0	0	0	0	620	480	15924	-352	71	100	2038	1618	1761	1702
0	0	0	0	600	456	15860	-347	74	83	2035	1610	1761	1703
0	0	0	0	516	440	15708	-348	72	93	2039	1611	1761	1699
0	0	0	0	640	472	15852	-358	55	104	2039	1611	1762	1701
0	0	0	0	664	492	15760	-348	65	98	2039	1610	1762	1701
0	0	0	0	680	408	15884	-350	61	94	2036	1609	1759	1702
0	0	0	0	620	480	15816	-367	61	93	2037	1609	1762	1702
0	0	0	0	720	372	15964	-366	70	83	2037	1612	1759	1702
0	0	0	0	704	480	15812	-355	66	96	2038	1609	1762	1702
0	0	0	0	640	468	15952	-344	65	91	2037	1611	1762	1700
0	0	0	0	672	524	15740	-353	75	86	2041	1609	1764	1701
0	0	0	0	676	436	15748	-366	62	87	2038	1610	1761	1701
0	0	0	0	608	528	15820	-365	66	85	2039	1610	1762	1701
0	0	0	0	544	432	15828	-351	71	90	2036	1611	1760	1704
0	0	0	0	724	448	15744	-359	65	82	2037	1609	1762	1701
0	0	0	0	568	444	15780	-355	67	93	2037	1609	1762	1701
0	0	0	0	696	556	15716	-354	68	88	2031	1609	1762	1700
0	0	0	0	664	444	15704	-356	63	92	2036	1609	1761	1701
0	0	0	0	616	440	15828	-357	66	82	2038	1608	1760	1702
0	0	0	0	620	496	15752	-362	61	80	2037	1612	1759	1702
0	0	0	0	656	472	15684	-356	61	104	2037	1605	1761	1703
0	0	0	0	564	456	15696	-356	63	98	2037	1611	1761	1714
0	0	0	0	584	516	15808	-355	58	93	2037	1608	1762	1701
0	0	0	0	656	464	15792	-355	74	79	2037	1605	1760	1702
0	0	0	0	580	576	15860	-356	68	94	2039	1607	1759	1698
0	0	0	0	832	380	15932	-361	71	97	2038	1610	1762	1702
0	0	0	0	676	456	15876	-348	64	96	2037	1609	1760	1700
0	0	0	0	640	548	15860	-354	62	97	2036	1611	1758	1701
0	0	0	0	696	444	15588	-362	64	83	2038	1608	1761	1700
0	0	0	0	768	492	15660	-350	74	92	2037	1609	1762	1701
0	0	0	0	584	436	15924	-358	63	91	2038	1609	1762	1701
0	0	0	0	704	556	15924	-354	71	95	2040	1611	1759	1698
0	0	0	0	668	420	15848	-342	62	89	2037	1609	1762	1702
0	0	0	0	688	460	15884	-347	68	85	2038	1610	1763	1702
0	0	0	0	576	508	15844	-357	69	102	2036	1611	1760	1699
0	0	0	0	708	528	15832	-363	62	83	2039	1610	1760	1700
0	0	0	0	680	404	15596	-356	61	92	2038	1610	1760	1700
0	0	0	0	664	456	15748	-362	54	89	2037	1609	1760	1699
0	0	0	0	736	524	15788	-354	73	83	2033	1610	1761	1700
0	0	0	0	688	508	15692	-372	65	86	2040	1610	1761	1701
0	0	0	0	640	456	15740	-356	80	97	2038	1609	1760	1701
0	0	0	0	684	440	15852	-354	62	97	2036	1608	1761	1701
0	0	0	0	656	420	15768	-345	87	87	2038	1605	1761	1696
0	0	0	0	600	580	15768	-358	74	92	2036	1608	1760	1702
0	0	0	0	676	516	15868	-356	70	92	2037	1609	1760	1703
0	0	0	0	672	500	15736	-346	68	91	2038	1606	1761	1702
0	0	0	0	676	600	15856	-358	58	95	2038	1608	1762	1700
0	0	0	0	684	436	15696	-363	68	90	2039	1610	1764	1701
0	0	0	0	644	548	15904	-360	65	89	2039	1610	1761	1700
0	0	0	0	644	372	15836	-351	69	85	2035	1609	1757	1702
0	0	0	0	740	524	15848	-354	69	98	2037	1610	1761	1700
0	0	0	0	648	580	15724	-358	64	105	2038	1609	1770	1696
0	0	0	0	652	456	15804	-358	65	90	2039	1608	1760	1701
0	0	0	0	628	568	15832	-362	70	95	2035	1608	1762	1700
0	0	0	0	752	540	15644	-351	73	89	2037	1608	1760	1702
0	0	0	0	584	548	15836	-357	63	95	2037	1611	1759	1704
0	0	0	0	776	492	15908	-350	66	99	2035	1609	1759	1698
0	0	0	0	604	480	15808	-363	69	101	2039	1610	1762	1701
0	0	0	0	656	392	15740	-360	61	85	2038	1608	1763	1701
0	0	0	0	700	376	15780	-363	61	93	2036	1610	1762	1701
0	0	0	0	700	408	15736	-355	62	81	2034	1611	1762	1701
0	0	0	0	656	556	16004	-364	63	86	2038	1610	1766	1701
0	0	0	0	604	452	15820	-350	73	92	2037	1611	1762	1701
0	0	0	0	660	464	15792	-360	61	93	2038	1609	1762	1702
0	0	0	0	608	528	15856	-353	63	98	2040	1609	1761	1702
0	0	0	0	636	460	15648	-366	65	95	2040	1610	1770	1701
0	0	0	0	696	416	15752	-360	67	96	2037	1610	1761	1703
0	0	0	0	716	384	15840	-354	59	81	2037	1607	1759	1703
0	0	0	0	652	448	15804	-360	68	83	2038	1608	1761	1702
0	0	0	0	604	552	15644	-355	61	94	2038	1610	1762	1702
0	0	0	0	616	424	15676	-354	60	86	2038	1610	1763	1701
0	0	0	0	704	516	15708	-342	64	97	2039	1610	1757	1699
0	0	0	0	624	576	15752	-361	75	94	2038	1612	1761	1701
0	0	0	0	668	556	15668	-347	64	95	2038	1610	1761	1702
0	0	0	0	732	560	15820	-346	64	90	2039	1608	1758	1700
0	0	0	0	612	488	15840	-356	70	87	2035	1611	1762	1701
0	0	0	0	688	480	15856	-360	74	75	2039	1611	1761	1703
0	0	0	0	556	428	15812	-342	70	81	2036	1610	1757	1703
0	0	0	0	660	464	15728	-361	66	86	2033	1610	1763	1700
0	0	0	0	600	544	15764	-366	69	87	2037	1611	1760	1703
0	0	0	0	644	412	15784	-360	79	100	2038	1610	1762	1705
0	0	0	0	736	428	15652	-353	79	94	2037	1611	1762	1702
0	0	0	0	728	548	15800	-360	74	88	2034	1608	1762	1701
0	0	0	0	572	564	15940	-358	75	96	2039	1610	1757	1701
0	0	0	0	696	392	15756	-363	63	87	2039	1611	1762	1701
0	0	0	0	612	468	15812	-345	78	87	2032	1609	1760	1703
0	0	0	0	608	508	15708	-353	64	99	2038	1611	1762	1701
0	0	0	0	660	440	15896	-357	60	96	2037	1610	1762	1700
0	0	0	0	720	512	15792	-350	68	90	2046	1609	1761	1702
0	0	0	0	648	460	15644	-353	69	95	2036	1606	1762	1702
0	0	0	0	656	624	15796	-357	70	92	2038	1608	1762	1703
0	0	0	0	632	536	15704	-347	66	95	2037	1612	1761	1702
0	0	0	0	632	420	15888	-355	70	87	2038	1609	1760	1703
0	0	0	0	728	480	15772	-362	68	85	2037	1611	1759	1702
0	0	0	0	692	540	15684	-344	70	89	2038	1610	1763	1702
0	0	0	0	712	460	15832	-360	72	80	2039	1611	1762	1701
0	0	0	0	620	520	15796	-349	69	80	2038	1612	1759	1700
0	0	0	0	688	524	15784	-348	61	92	2036	1610	1760	1702
0	0	0	0	668	560	15796	-364	75	87	2036	1610	1761	1700
0	0	0	0	700	476	15832	-369	75	85	2036	1610	1762	1700
0	0	0	0	752	436	15864	-359	69	90	2039	1609	1760	1698
0	0	0	0	732	484	15688	-340	69	92	2032	1608	1761	1702
0	0	0	0	640	576	15840	-356	66	86	2038	1609	1761	1702
0	0	0	0	680	524	15692	-371	51	91	2045	1611	1764	1701
0	0	0	0	712	516	15680	-353	60	98	2037	1609	1760	1703
0	0	0	0	644	480	15712	-349	64	89	2037	1610	1760	1702
0	0	0	0	648	492	15772	-360	67	81	2038	1609	1763	1701
0	0	0	0	608	552	15856	-350	67	95	2034	1610	1760	1701
0	0	0	0	708	472	15536	-372	68	85	2039	1609	1760	1701
0	0	0	0	596	580	15716	-368	69	87	2036	1610	1761	1699
0	0	0	0	632	512	16032	-367	61	88	2036	1610	1762	1701
0	0	0	0	688	508	15692	-364	74	98	2035	1605	1761	1702
0	0	0	0	700	452	15832	-364	73	92	2039	1608	1761	1701
0	0	0	0	652	404	15912	-358	66	95	2036	1609	1762	1702
0	0	0	0	628	400	15800	-363	75	77	2039	1610	1761	1701
0	0	0	0	640	452	15704	-375	74	88	2036	1611	1760	1702
0	0	0	0	588	480	15768	-352	63	100	2037	1610	1761	1703
0	0	0	0	596	552	15880	-356	62	90	2037	1610	1761	1702
0	0	0	0	676	500	15696	-355	67	89	2038	1609	1759	1699
0	0	0	0	736	472	15764	-363	67	86	2038	1609	1759	1700
0	0	0	0	688	540	15812	-359	60	92	2038	1611	1762	1701
0	0	0	0	632	420	15836	-364	70	91	2035	1611	1760	1704
0	0	0	0	740	548	15772	-346	67	91	2035	1610	1761	1697
0	0	0	0	764	408	15692	-358	70	90	2037	1620	1762	1701
0	0	0	0	624	540	15768	-349	65	86	2039	1610	1760	1701
0	0	0	0	680	420	15868	-357	64	91	2033	1610	1762	1698
0	0	0	0	696	456	15716	-357	64	95	2037	1608	1761	1702
0	0	0	0	596	504	15736	-354	73	81	2036	1611	1759	1702
0	0	0	0	632	436	15828	-356	71	91	2038	1609	1761	1702
0	0	0	0	636	616	15696	-354	62	91	2034	1611	1772	1703
0	0	0	0	648	540	15764	-362	70	97	2038	1610	1762	1700
0	0	0	0	652	584	15868	-347	60	91	2038	1609	1760	1701
0	0	0	0	576	564	15688	-366	73	93	2038	1604	1760	1700
0	0	0	0	676	424	15764	-347	71	88	2035	1606	1760	1702
0	0	0	0	732	516	15792	-356	59	87	2037	1610	1761	1700
0	0	0	0	580	584	15788	-373	63	75	2039	1608	1759	1702
0	0	0	0	680	560	15752	-350	66	83	2039	1605	1761	1701
0	0	0	0	744	476	15840	-352	67	89	2035	1610	1762	1702
0	0	0	0	580	608	15752	-362	58	92	2038	1608	1761	1702
0	0	0	0	628	540	15936	-347	72	93	2038	1612	1760	1701
0	0	0	0	724	448	15784	-356	66	93	2038	1609	1758	1702
0	0	0	0	596	508	15832	-357	67	92	2037	1610	1766	1703
0	0	0	0	608	400	15748	-345	66	92	2038	1610	1763	1701
0	0	0	0	580	600	15864	-368	74	101	2039	1610	1762	1703
0	0	0	0	624	540	15776	-349	66	84	2033	1611	1760	1698
0	0	0	0	572	460	15752	-353	81	87	2040	1611	1762	1703
0	0	0	0	584	476	15820	-365	71	95	2038	1611	1761	1701
0	0	0	0	668	588	15820	-360	58	82	2037	1604	1762	1699
0	0	0	0	612	536	15892	-360	63	87	2039	1610	1762	1702
0	0	0	0	636	444	15800	-343	70	87	2034	1610	1754	1702
0	0	0	0	588	524	15840	-356	78	87	2038	1609	1763	1702
0	0	0	0	560	440	15708	-353	64	78	2033	1611	1762	1701
0	0	0	0	648	528	15680	-352	62	98	2037	1610	1760	1703
0	0	0	0	544	376	15968	-356	75	101	2039	1611	1762	1701
0	0	0	0	648	464	15928	-357	80	98	2039	1610	1763	1703
0	0	0	0	680	488	15784	-367	73	93	2039	1608	1760	1701
0	0	0	0	556	456	15836	-355	65	104	2037	1611	1761	1699
0	0	0	0	628	464	15836	-352	70	98	2036	1610	1760	1703
0	0	0	0	664	528	15768	-363	67	89	2037	1605	1761	1701
0	0	0	0	624	376	15892	-354	66	93	2038	1611	1762	1702
0	0	0	0	632	392	15872	-363	57	88	2039	1611	1761	1701
0	0	0	0	724	532	15844	-360	72	91	2037	1610	1762	1702
0	0	0	0	620	548	15764	-356	69	89	2037	1609	1758	1703
0	0	0	0	684	540	15788	-347	62	94	2037	1612	1761	1699
0	0	0	0	644	452	15612	-357	58	87	2038	1609	1761	1703
0	0	0	0	688	556	15824	-352	74	89	2039	1611	1762	1702
0	0	0	0	668	428	15676	-346	74	108	2035	1611	1761	1702
0	0	0	0	684	492	15824	-352	70	89	2039	1610	1761	1702
0	0	0	0	684	572	15860	-355	61	87	2039	1611	1761	1701
0	0	0	0	588	464	15772	-353	73	81	2035	1610	1761	1710
0	0	0	0	704	532	15812	-336	65	92	2037	1610	1761	1699
0	0	0	0	620	500	15852	-359	67	93	2037	1610	1761	1701
0	0	0	0	668	544	15832	-365	67	99	2039	1609	1763	1702
0	0	0	0	712	480	15772	-343	68	99	2038	1610	1762	1702
0	0	0	0	684	456	15800	-354	55	83	2037	1610	1762	1703
0	0	0	0	724	508	15716	-369	84	88	2038	1610	1762	1703
0	0	0	0	612	488	15608	-359	73	96	2035	1607	1758	1703
0	0	0	0	748	388	15856	-361	68	95	2038	1610	1761	1702
0	0	0	0	768	480	15776	-349	62	86	2038	1609	1761	1700
0	0	0	0	640	432	15840	-371	65	94	2038	1610	1760	1701
0	0	0	0	644	404	15784	-357	65	91	2038	1606	1760	1703
0	0	0	0	568	432	15836	-349	57	87	2036	1610	1757	1702
0	0	0	0	632	516	15748	-357	61	84	2037	1610	1761	1700
0	0	0	0	648	556	15788	-354	68	73	2039	1605	1760	1701
0	0	0	0	716	428	15780	-360	72	82	2039	1609	1758	1699
0	0	0	0	716	448	15688	-355	62	102	2037	1607	1762	1701
0	0	0	0	696	484	15748	-351	68	90	2037	1609	1763	1699
0	0	0	0	696	460	15776	-360	71	80	2037	1612	1756	1702
0	0	0	0	596	572	15728	-353	74	94	2038	1608	1761	1701
0	0	0	0	608	524	15828	-352	64	89	2033	1610	1771	1702
0	0	0	0	708	408	15940	-362	61	101	2036	1611	1760	1702
0	0	0	0	632	472	15864	-363	71	97	2041	1608	1753	1698
0	0	0	0	600	424	15744	-361	67	104	2038	1610	1760	1701
0	0	0	0	640	492	15780	-356	62	88	2036	1610	1760	1703
0	0	0	0	716	548	15780	-356	75	99	2037	1610	1761	1700
0	0	0	0	632	476	15764	-361	64	87	2031	1610	1761	1701
0	0	0	0	660	468	15860	-361	68	94	2036	1610	1762	1704
0	0	0	0	668	496	16000	-364	64	93	2038	1609	1761	1702
0	0	0	0	500	512	15936	-359	56	89	2032	1609	1760	1702
0	0	0	0	664	492	15768	-349	63	97	2037	1611	1760	1701
0	0	0	0	648	492	15804	-353	66	87	2038	1609	1760	1702
0	0	0	0	652	456	15824	-352	76	89	2037	1610	1761	1702
0	0	0	0	624	384	15836	-366	72	84	2037	1604	1762	1700
0	0	0	0	712	452	15680	-350	59	95	2043	1609	1759	1700
0	0	0	0	620	436	15956	-353	64	91	2038	1610	1762	1700
0	0	0	0	660	564	15856	-372	76	87	2036	1610	1760	1702
0	0	0	0	572	444	15840	-353	68	97	2037	1610	1762	1700
0	0	0	0	628	444	15844	-355	59	91	2036	1610	1761	1702
0	0	0	0	612	480	15724	-359	75	92	2039	1608	1761	1701
0	0	0	0	636	484	15704	-369	64	83	2037	1609	1764	1703
0	0	0	0	580	516	15880	-345	68	91	2037	1606	1762	1702
0	0	0	0	700	464	15592	-358	57	91	2037	1611	1760	1702
0	0	0	0	604	532	15796	-349	63	93	2037	1610	1760	1701
0	0	0	0	708	392	15900	-349	68	92	2035	1610	1770	1698
0	0	0	0	596	504	15872	-366	71	89	2037	1608	1762	1701
0	0	0	0	676	388	15724	-363	56	96	2038	1610	1760	1700
0	0	0	0	624	532	15764	-355	65	104	2037	1616	1761	1699
0	0	0	0	604	536	15904	-372	60	90	2037	1610	1761	1704
0	0	0	0	588	488	15892	-354	80	98	2037	1610	1761	1703
0	0	0	0	624	472	15816	-360	69	83	2042	1610	1762	1702
0	0	0	0	672	448	15908	-364	67	92	2034	1609	1762	1702
0	0	0	0	664	512	15892	-368	74	95	2036	1609	1770	1701
0	0	0	0	648	516	15740	-353	79	97	2037	1610	1762	1702
0	0	0	0	720	404	15880	-357	68	86	2038	1612	1761	1703
0	0	0	0	592	480	15704	-365	63	88	2038	1605	1760	1701
0	0	0	0	664	444	15804	-372	80	93	2038	1609	1761	1702
0	0	0	0	728	576	15624	-371	62	89	2038	1610	1763	1702
0	0	0	0	668	528	15636	-364	73	85	2039	1606	1760	1700
0	0	0	0	680	388	15792	-358	73	89	2034	1611	1761	1698
0	0	0	0	684	512	15752	-371	58	84	2037	1611	1761	1703
0	0	0	0	664	472	15632	-354	74	95	2038	1620	1762	1701
0	0	0	0	540	552	15856	-356	70	88	2037	1609	1759	1702
0	0	0	0	552	512	15868	-355	69	95	2040	1609	1762	1701
0	0	0	0	664	432	15668	-353	61	91	2036	1610	1763	1702
0	0	0	0	716	456	15772	-359	78	94	2037	1609	1763	1702
0	0	0	0	588	544	15820	-349	70	77	2048	1610	1762	1698
0	0	0	0	656	580	15860	-357	64	85	2038	1609	1761	1703
0	0	0	0	648	580	15780	-366	63	100	2039	1610	1761	1701
0	0	0	0	672	492	15932	-353	72	78	2036	1610	1762	1699
0	0	0	0	656	468	15712	-359	66	85	2038	1611	1760	1702
0	0	0	0	560	464	15732	-351	75	92	2038	1611	1762	1701
0	0	0	0	680	468	15844	-357	79	95	2036	1610	1762	1703
0	0	0	0	628	356	15844	-361	67	98	2031	1610	1761	1704
0	0	0	0	624	544	15808	-352	57	96	2036	1610	1762	1701
0	0	0	0	616	448	15684	-357	63	91	2043	1610	1762	1701
0	0	0	0	804	384	15768	-358	72	95	2038	1612	1761	1701
0	0	0	0	664	516	15848	-360	70	97	2035	1605	1762	1703
0	0	0	0	660	424	15736	-355	66	93	2037	1611	1760	1702
0	0	0	0	688	532	15816	-344	61	86	2037	1608	1761	1703
0	0	0	0	696	500	15732	-351	77	91	2033	1607	1762	1702
0	0	0	0	700	584	15752	-365	59	93	2038	1610	1762	1701
0	0	0	0	748	532	15824	-353	70	87	2037	1610	1760	1701
0	0	0	0	656	480	15876	-359	66	90	2039	1611	1761	1701
0	0	0	0	604	496	15800	-357	60	99	2037	1610	1758	1703
0	0	0	0	628	544	15772	-349	63	82	2037	1610	1762	1700
0	0	0	0	588	468	15792	-370	55	90	2037	1611	1762	1702
0	0	0	0	616	456	15780	-359	64	79	2039	1611	1761	1701
0	0	0	0	716	496	15836	-360	78	95	2035	1608	1762	1701
0	0	0	0	552	452	15704	-360	63	90	2038	1608	1761	1702
0	0	0	0	596	536	15808	-348	70	102	2039	1610	1762	1701
0	0	0	0	644	528	15760	-356	77	94	2035	1609	1768	1699
0	0	0	0	684	444	15852	-358	64	95	2037	1610	1773	1703
0	0	0	0	612	488	15784	-361	58	89	2038	1609	1762	1700
0	0	0	0	712	456	15748	-357	65	91	2039	1611	1761	1700
0	0	0	0	580	476	15884	-361	66	86	2034	1611	1760	1700
0	0	0	0	564	524	15848	-351	69	93	2036	1610	1760	1703
0	0	0	0	680	428	15848	-357	77	94	2036	1616	1761	1701
0	0	0	0	604	520	15796	-356	69	95	2035	1609	1761	1702
0	0	0	0	616	432	15936	-350	70	95	2037	1609	1761	1700
0	0	0	0	748	460	15776	-358	69	83	2036	1608	1761	1701
0	0	0	0	576	488	15868	-362	60	92	2038	1609	1761	1702
0	0	0	0	648	516	15984	-359	59	90	2037	1607	1759	1702
0	0	0	0	624	552	15904	-360	69	89	2039	1609	1760	1706
0	0	0	0	688	392	15852	-347	68	84	2037	1610	1761	1702
0	0	0	0	704	540	15852	-357	75	94	2037	1609	1762	1700
0	0	0	0	684	532	15812	-353	70	78	2038	1610	1758	1702
0	0	0	0	564	512	15900	-349	67	91	2038	1611	1760	1701
0	0	0	0	692	496	15708	-357	59	100	2038	1608	1762	1702
0	0	0	0	692	440	15788	-355	66	99	2037	1603	1758	1700
0	0	0	0	628	512	15876	-375	65	86	2035	1612	1761	1701
0	0	0	0	652	372	15700	-363	65	83	2039	1608	1761	1701
0	0	0	0	708	512	15960	-351	58	89	2037	1610	1762	1701
0	0	0	0	604	624	15844	-362	64	82	2037	1608	1761	1698
0	0	0	0	684	532	15716	-360	64	89	2037	1611	1760	1701
0	0	0	0	520	516	15812	-352	76	88	2037	1608	1760	1710
0	0	0	0	652	560	15788	-353	58	102	2039	1610	1760	1700
0	0	0	0	740	488	15724	-354	62	99	2033	1609	1762	1700
0	0	0	0	656	452	15908	-353	57	84	2038	1609	1759	1701
0	0	0	0	780	516	15740	-364	74	91	2039	1611	1761	1700
0	0	0	0	624	508	15748	-363	60	89	2032	1609	1760	1703
0	0	0	0	532	564	15640	-348	48	94	2037	1610	1761	1697
0	0	0	0	660	496	15708	-366	67	100	2038	1609	1761	1701
0	0	0	0	696	588	15856	-348	67	83	2039	1608	1761	1701
0	0	0	0	640	496	15716	-356	66	94	2035	1605	1761	1702
0	0	0	0	600	520	15704	-350	74	102	2036	1610	1760	1713
0	0	0	0	704	408	15736	-354	72	88	2036	1612	1761	1701
0	0	0	0	632	360	15820	-355	67	90	2038	1608	1760	1702
0	0	0	0	676	456	15796	-363	67	90	2039	1610	1759	1702
0	0	0	0	724	476	15840	-362	72	81	2037	1609	1763	1702
0	0	0	0	620	500	15752	-346	75	93	2032	1611	1761	1702
0	0	0	0	760	376	15820	-355	63	84	2039	1611	1758	1701
0	0	0	0	672	544	15824	-359	70	88	2036	1611	1761	1703
0	0	0	0	676	516	15748	-354	68	88	2037	1611	1761	1696
0	0	0	0	640	468	15832	-362	76	86	2036	1612	1762	1702
0	0	0	0	708	336	15652	-355	73	102	2038	1610	1765	1699
0	0	0	0	576	488	15676	-351	58	89	2037	1609	1762	1701
0	0	0	0	664	456	15788	-354	72	88	2037	1609	1762	1702
0	0	0	0	708	468	15928	-365	65	100	2039	1611	1762	1702
0	0	0	0	616	472	15764	-353	68	90	2039	1610	1761	1703
0	0	0	0	628	480	15752	-360	60	86	2039	1610	1771	1702
0	0	0	0	604	488	15856	-355	66	94	2037	1610	1764	1701
0	0	0	0	660	444	15812	-346	64	79	2033	1609	1761	1702
0	0	0	0	592	540	15908	-362	63	94	2039	1612	1761	1701
0	0	0	0	612	456	15848	-358	58	94	2039	1611	1761	1704
0	0	0	0	648	440	15784	-357	75	91	2037	1611	1762	1701
0	0	0	0	592	512	15808	-350	64	101	2039	1606	1763	1699
0	0	0	0	624	492	15844	-348	69	86	2039	1608	1762	1701
0	0	0	0	648	520	15780	-367	69	103	2038	1611	1762	1702
0	0	0	0	676	444	15704	-368	66	98	2037	1609	1762	1701
0	0	0	0	664	568	15768	-359	66	95	2038	1612	1761	1702
0	0	0	0	652	476	15820	-352	73	92	2037	1609	1761	1702
0	0	0	0	656	516	15724	-362	66	93	2039	1610	1762	1703
0	0	0	0	660	404	15732	-361	68	92	2040	1609	1760	1699
0	0	0	0	740	476	15644	-365	59	97	2040	1611	1758	1701
0	0	0	0	640	400	15880	-361	58	79	2037	1611	1762	1703
0	0	0	0	656	460	15868	-362	71	81	2037	1612	1761	1703
0	0	0	0	652	480	15840	-350	62	95	2038	1606	1762	1697
0	0	0	0	664	408	15792	-353	67	85	2036	1610	1762	1701
0	0	0	0	604	464	15764	-355	58	97	2040	1611	1761	1701
0	0	0	0	544	464	15800	-356	77	100	2038	1611	1763	1699
0	0	0	0	672	500	15832	-364	77	86	2037	1609	1762	1702
0	0	0	0	804	508	15932	-341	57	92	2039	1612	1761	1704
0	0	0	0	660	572	15832	-350	75	94	2038	1610	1760	1703
0	0	0	0	680	552	15964	-350	65	85	2035	1611	1762	1702
0	0	0	0	668	448	15944	-361	63	83	2038	1609	1762	1701
0	0	0	0	728	528	15760	-361	68	93	2039	1610	1756	1701
0	0	0	0	680	448	15848	-356	77	97	2038	1611	1762	1701
0	0	0	0	712	504	15848	-362	72	91	2036	1606	1760	1703
0	0	0	0	628	524	15876	-351	64	95	2036	1619	1761	1700
0	0	0	0	612	464	15800	-359	73	87	2036	1610	1760	1701
0	0	0	0	720	492	15880	-357	63	86	2040	1604	1762	1701
0	0	0	0	656	496	15644	-363	65	96	2036	1609	1761	1701
0	0	0	0	600	496	15772	-357	80	96	2037	1610	1762	1702
0	0	0	0	676	440	15932	-364	54	96	2038	1611	1760	1702
0	0	0	0	704	472	15684	-352	72	89	2038	1608	1756	1696
0	0	0	0	580	484	15844	-354	74	88	2036	1610	1762	1702
0	0	0	0	560	408	15972	-366	57	86	2038	1609	1763	1701
0	0	0	0	676	416	15888	-362	65	91	2038	1609	1753	1701
0	0	0	0	612	500	15684	-358	74	103	2035	1614	1761	1701
0	0	0	0	704	432	15744	-350	58	84	2037	1609	1761	1699
0	0	0	0	712	504	15724	-362	64	97	2037	1604	1761	1700
0	0	0	0	712	316	15932	-356	70	89	2036	1610	1762	1699
0	0	0	0	716	456	15628	-358	62	88	2040	1609	1761	1700
0	0	0	0	684	604	15792	-351	60	104	2037	1622	1762	1701
0	0	0	0	656	456	15724	-352	56	89	2037	1609	1762	1702
0	0	0	0	580	528	15948	-358	65	93	2032	1611	1759	1701
0	0	0	0	708	496	15872	-364	67	99	2037	1608	1759	1702
0	0	0	0	660	528	15892	-347	64	92	2037	1610	1762	1702
0	0	0	0	596	524	15844	-364	67	89	2037	1609	1762	1696
0	0	0	0	712	428	15816	-354	73	87	2038	1610	1759	1701
0	0	0	0	700	572	15868	-360	72	100	2038	1612	1761	1701
0	0	0	0	644	388	15784	-358	67	99	2037	1610	1760	1703
0	0	0	0	648	480	15848	-357	62	101	2039	1606	1761	1701
0	0	0	0	600	508	15840	-360	69	103	2038	1609	1761	1700
0	0	0	0	540	480	15748	-354	71	101	2037	1610	1761	1702
0	0	0	0	720	544	15856	-351	55	93	2036	1609	1761	1702
0	0	0	0	712	508	15912	-351	64	99	2037	1609	1757	1702
0	0	0	0	612	592	15752	-353	75	93	2037	1620	1760	1702
0	0	0	0	636	532	15656	-359	60	103	2039	1610	1761	1703
0	0	0	0	680	520	15808	-361	60	80	2038	1610	1763	1702
0	0	0	0	692	396	15740	-352	64	85	2038	1609	1762	1699
0	0	0	0	724	448	15784	-359	56	92	2039	1610	1763	1701
0	0	0	0	692	440	15684	-345	72	93	2039	1611	1759	1700
0	0	0	0	644	476	15716	-351	63	83	2035	1609	1759	1699
0	0	0	0	600	436	15848	-359	78	82	2037	1616	1761	1700
0	0	0	0	612	500	15728	-349	67	79	2038	1609	1759	1702
0	0	0	0	584	468	15912	-356	66	87	2038	1609	1761	1701
0	0	0	0	756	484	15752	-360	58	88	2031	1610	1763	1702
0	0	0	0	744	420	15620	-360	70	98	2037	1609	1761	1702
0	0	0	0	700	488	15984	-358	68	92	2038	1614	1761	1702
0	0	0	0	632	392	15864	-357	73	91	2034	1609	1761	1706
0	0	0	0	620	508	15796	-346	65	101	2039	1610	1761	1701
0	0	0	0	732	540	15804	-352	76	91	2037	1609	1759	1702
0	0	0	0	596	464	15676	-349	64	98	2039	1611	1761	1701
0	0	0	0	612	460	15588	-363	83	85	2038	1607	1761	1701
0	0	0	0	748	464	15752	-353	59	93	2035	1610	1760	1699
0	0	0	0	632	564	15744	-358	68	97	2038	1610	1761	1703
0	0	0	0	620	568	15848	-365	74	93	2039	1610	1762	1702
0	0	0	0	748	496	15636	-358	68	88	2035	1609	1759	1702
0	0	0	0	608	352	15916	-360	69	98	2036	1610	1762	1702
0	0	0	0	572	456	15680	-349	70	80	2037	1610	1761	1702
0	0	0	0	664	504	15820	-363	59	96	2037	1611	1758	1702
0	0	0	0	660	520	15796	-357	80	89	2038	1614	1762	1702
0	0	0	0	704	592	15888	-362	70	93	2038	1611	1762	1703
0	0	0	0	596	468	15784	-354	66	97	2038	1610	1763	1701
0	0	0	0	672	488	15772	-349	67	93	2039	1610	1760	1698
0	0	0	0	660	424	15772	-360	73	91	2038	1611	1761	1701
0	0	0	0	616	508	15868	-359	66	90	2038	1610	1761	1704
0	0	0	0	700	500	15652	-353	73	94	2038	1611	1761	1701
0	0	0	0	736	376	15952	-362	62	86	2032	1611	1762	1702
0	0	0	0	684	484	15912	-351	76	100	2038	1611	1761	1701
0	0	0	0	640	492	15744	-354	72	93	2037	1609	1763	1702
0	0	0	0	608	512	15760	-352	63	90	2033	1609	1762	1702
0	0	0	0	584	540	15824	-358	68	83	2038	1612	1759	1702
0	0	0	0	652	508	15752	-348	51	86	2038	1609	1760	1703
0	0	0	0	696	476	15796	-360	74	84	2038	1610	1761	1703
0	0	0	0	704	408	15868	-364	62	82	2038	1605	1763	1701
0	0	0	0	672	484	15744	-355	61	85	2037	1610	1761	1702
0	0	0	0	724	520	15900	-366	72	86	2038	1610	1762	1700
0	0	0	0	628	408	15756	-372	54	91	2036	1610	1761	1713
0	0	0	0	716	480	15964	-353	80	92	2040	1611	1760	1704
0	0	0	0	640	544	15952	-353	62	102	2038	1609	1762	1702
0	0	0	0	676	476	15724	-362	63	81	2040	1610	1762	1701
0	0	0	0	744	452	15964	-357	66	97	2036	1609	1758	1701
0	0	0	0	768	548	15832	-352	66	79	2038	1609	1761	1700
0	0	0	0	580	504	15812	-351	67	95	2037	1611	1760	1701
0	0	0	0	616	412	15792	-361	63	90	2038	1604	1760	1703
0	0	0	0	644	620	15888	-361	68	92	2035	1610	1762	1699
0	0	0	0	572	544	15816	-357	59	94	2036	1608	1763	1700
0	0	0	0	632	432	15760	-355	55	78	2036	1611	1760	1702
0	0	0	0	576	512	15688	-356	55	90	2038	1611	1759	1700
0	0	0	0	696	588	15812	-364	76	101	2038	1610	1762	1701
0	0	0	0	740	456	15780	-357	60	88	2037	1613	1760	1700
0	0	0	0	692	576	15808	-361	67	103	2039	1610	1762	1701
0	0	0	0	612	456	15820	-364	61	95	2034	1608	1761	1700
0	0	0	0	716	608	15888	-349	80	92	2038	1609	1761	1695
0	0	0	0	808	548	15796	-353	72	86	2038	1608	1761	1702
0	0	0	0	708	652	15772	-351	63	92	2037	1610	1761	1701
0	0	0	0	676	572	15928	-361	84	97	2037	1606	1762	1701
0	0	0	0	628	460	15900	-345	74	85	2037	1610	1761	1701
0	0	0	0	756	512	15916	-359	60	91	2038	1609	1762	1693
0	0	0	0	656	428	15772	-360	64	85	2039	1605	1760	1701
0	0	0	0	648	488	15756	-357	69	90	2038	1610	1760	1699
0	0	0	0	708	636	15800	-364	68	96	2036	1609	1760	1702
0	0	0	0	664	496	15864	-359	79	87	2037	1616	1760	1699
0	0	0	0	588	472	15592	-358	61	92	2037	1610	1759	1699
0	0	0	0	660	556	15948	-371	63	90	2038	1608	1762	1700
0	0	0	0	648	572	15880	-366	59	98	2038	1609	1762	1701
0	0	0	0	748	396	15720	-372	72	86	2038	1610	1761	1702
0	0	0	0	656	476	15860	-358	67	96	2035	1611	1760	1698
0	0	0	0	616	556	15732	-363	57	106	2037	1610	1761	1703
0	0	0	0	624	420	15868	-363	72	97	2037	1611	1761	1702
0	0	0	0	664	544	15764	-362	60	91	2038	1608	1763	1697
0	0	0	0	648	380	15780	-350	71	82	2039	1609	1759	1699
0	0	0	0	692	472	15668	-358	65	104	2036	1611	1760	1701
0	0	0	0	624	448	15880	-357	76	95	2037	1610	1760	1702
0	0	0	0	616	420	15924	-363	68	85	2032	1609	1760	1701
0	0	0	0	724	468	15892	-350	66	97	2037	1610	1761	1702
0	0	0	0	620	488	15788	-354	64	87	2039	1608	1762	1701
0	0	0	0	688	480	15728	-374	68	89	2036	1608	1761	1701
0	0	0	0	612	512	15964	-336	68	82	2038	1605	1761	1702
0	0	0	0	676	584	15744	-363	63	93	2036	1621	1760	1701
0	0	0	0	656	532	15732	-351	67	86	2037	1608	1759	1704
0	0	0	0	632	576	15824	-361	59	93	2038	1606	1765	1696
0	0	0	0	620	500	15836	-359	62	93	2037	1609	1761	1700
0	0	0	0	616	496	15888	-365	55	84	2031	1610	1760	1700
0	0	0	0	772	532	15920	-350	64	98	2039	1611	1761	1700
0	0	0	0	660	464	15836	-359	66	92	2039	1610	1758	1703
0	0	0	0	616	496	15876	-355	65	84	2042	1605	1761	1700
0	0	0	0	668	456	15728	-353	64	88	2037	1611	1762	1702
0	0	0	0	712	488	15872	-355	63	91	2037	1611	1762	1713
0	0	0	0	612	488	15728	-361	63	92	2035	1609	1762	1702
0	0	0	0	608	476	15668	-356	75	88	2037	1609	1762	1703
0	0	0	0	712	464	15840	-359	69	94	2037	1612	1760	1702
0	0	0	0	596	496	15772	-338	72	106	2037	1610	1762	1701
0	0	0	0	612	416	15772	-352	69	93	2038	1612	1765	1703
0	0	0	0	724	424	15676	-349	69	95	2038	1610	1762	1701
0	0	0	0	624	416	15832	-356	71	89	2039	1610	1761	1701
0	0	0	0	648	440	15764	-350	75	90	2035	1611	1762	1700
0	0	0	0	736	564	15660	-360	66	98	2037	1611	1760	1704
0	0	0	0	572	572	15836	-348	79	89	2036	1611	1762	1701
0	0	0	0	652	576	15860	-358	57	93	2036	1611	1762	1701
0	0	0	0	696	400	15788	-365	65	95	2039	1609	1762	1701
0	0	0	0	704	420	15680	-361	60	79	2037	1610	1761	1703
0	0	0	0	660	496	15864	-350	81	85	2039	1609	1761	1697
0	0	0	0	756	540	15764	-364	72	98	2038	1608	1760	1702
0	0	0	0	660	508	15712	-362	57	93	2038	1607	1761	1702
0	0	0	0	672	448	15760	-365	64	94	2038	1610	1762	1703
0	0	0	0	628	536	15640	-344	82	92	2039	1611	1762	1703
0	0	0	0	592	520	15936	-368	73	90	2039	1610	1757	1701
0	0	0	0	688	540	15924	-365	73	94	2039	1611	1762	1702
0	0	0	0	624	456	15812	-355	61	86	2037	1610	1761	1704
0	0	0	0	620	484	15840	-356	63	97	2036	1610	1759	1701
0	0	0	0	712	484	15732	-362	74	89	2035	1610	1762	1701
0	0	0	0	680	376	15608	-355	75	93	2039	1609	1762	1702
0	0	0	0	656	464	15748	-355	69	84	2036	1611	1769	1702
0	0	0	0	652	488	15900	-355	61	93	2035	1610	1762	1699
0	0	0	0	664	516	15716	-360	73	85	2037	1613	1760	1702
0	0	0	0	792	600	15656	-356	58	83	2037	1609	1761	1703
0	0	0	0	616	404	15668	-351	66	96	2037	1611	1763	1702
0	0	0	0	656	476	15868	-360	66	98	2034	1609	1763	1700
0	0	0	0	628	532	15840	-363	63	88	2039	1611	1760	1702
0	0	0	0	620	496	15880	-359	75	90	2039	1611	1761	1701
0	0	0	0	712	468	15812	-360	74	91	2032	1611	1761	1704
0	0	0	0	704	440	15880	-354	62	96	2038	1610	1761	1694
0	0	0	0	640	488	15744	-363	68	91	2037	1610	1763	1701
0	0	0	0	604	456	15780	-353	61	89	2040	1610	1761	1702
0	0	0	0	636	504	15668	-364	65	91	2037	1605	1762	1701
0	0	0	0	584	444	15696	-353	58	88	2038	1608	1761	1702
0	0	0	0	584	476	15668	-346	68	92	2037	1604	1760	1701
0	0	0	0	728	396	15816	-355	71	97	2038	1608	1760	1702
0	0	0	0	620	492	15680	-348	66	81	2038	1610	1758	1702
0	0	0	0	596	404	15860	-359	75	92	2038	1609	1762	1700
0	0	0	0	700	484	15928	-351	64	97	2039	1610	1760	1701
0	0	0	0	628	536	15740	-361	63	84	2038	1610	1757	1700
0	0	0	0	648	476	15880	-356	67	87	2037	1610	1761	1699
0	0	0	0	680	488	15832	-360	66	85	2037	1610	1761	1700
0	0	0	0	712	564	15764	-353	69	90	2036	1611	1763	1702
0	0	0	0	600	568	15772	-351	57	93	2040	1608	1760	1698
0	0	0	0	644	464	15816	-371	70	91	2032	1609	1761	1702
0	0	0	0	708	440	16008	-356	66	94	2038	1610	1761	1700
0	0	0	0	712	504	15716	-360	73	86	2037	1612	1760	1702
0	0	0	0	608	496	15820	-351	65	90	2037	1608	1759	1702
0	0	0	0	656	588	15708	-358	76	85	2038	1609	1761	1703
0	0	0	0	544	500	15820	-362	67	94	2036	1609	1763	1701
0	0	0	0	720	404	15820	-350	66	89	2038	1609	1759	1700
0	0	0	0	724	488	15868	-354	67	89	2039	1610	1760	1700
0	0	0	0	556	508	15648	-361	72	86	2037	1609	1759	1704
0	0	0	0	676	508	15792	-358	67	100	2038	1610	1761	1702
0	0	0	0	748	568	15892	-360	70	89	2036	1606	1762	1701
0	0	0	0	644	380	15776	-356	71	95	2039	1608	1761	1701
0	0	0	0	716	460	15896	-353	71	98	2036	1609	1761	1700
0	0	0	0	712	456	15892	-354	70	89	2037	1608	1761	1703
0	0	0	0	612	500	15740	-363	68	98	2037	1611	1760	1700
0	0	0	0	732	424	15776	-360	65	85	2037	1608	1760	1701
0	0	0	0	680	412	15744	-353	63	91	2038	1611	1762	1703
0	0	0	0	756	580	15840	-353	75	95	2044	1609	1759	1699
0	0	0	0	692	440	15676	-353	67	94	2038	1609	1759	1701
0	0	0	0	660	520	15788	-357	74	88	2039	1610	1760	1700
0	0	0	0	764	404	15848	-365	64	90	2035	1610	1759	1703
0	0	0	0	644	492	15824	-348	77	84	2035	1611	1761	1697
0	0	0	0	588	464	15872	-358	72	89	2036	1610	1761	1702
0	0	0	0	720	524	15740	-358	65	83	2039	1608	1761	1701
0	0	0	0	684	444	15796	-352	69	103	2038	1609	1759	1703
0	0	0	0	592	552	15796	-362	67	97	2036	1609	1761	1702
0	0	0	0	628	460	15772	-361	66	95	2036	1612	1760	1702
0	0	0	0	600	552	15688	-357	56	94	2038	1608	1761	1702
0	0	0	0	672	488	15708	-366	74	88	2033	1610	1771	1702
0	0	0	0	660	444	15704	-352	79	91	2038	1611	1763	1702
0	0	0	0	624	396	15872	-354	64	81	2044	1610	1760	1701
0	0	0	0	580	464	15764	-359	68	88	2039	1611	1761	1702
0	0	0	0	612	476	15776	-362	69	94	2038	1606	1761	1703
0	0	0	0	640	460	15812	-347	69	88	2038	1615	1761	1701
0	0	0	0	676	500	15756	-358	72	85	2038	1621	1763	1702
0	0	0	0	532	476	15908	-355	61	86	2040	1605	1762	1702
0	0	0	0	580	508	15744	-368	71	95	2036	1610	1761	1702
0	0	0	0	684	432	15720	-359	76	95	2037	1604	1761	1705
0	0	0	0	644	564	15772	-365	65	91	2038	1612	1760	1702
0	0	0	0	824	496	15864	-364	78	76	2038	1607	1758	1702
0	0	0	0	744	584	15852	-363	73	90	2037	1610	1774	1703
0	0	0	0	652	588	15620	-363	73	96	2038	1609	1762	1702
0	0	0	0	616	540	15712	-373	57	95	2048	1610	1760	1701
0	0	0	0	692	496	15792	-350	66	95	2038	1611	1761	1697
0	0	0	0	660	464	15796	-361	64	99	2039	1610	1760	1704
0	0	0	0	620	588	15868	-364	69	99	2037	1611	1761	1702
0	0	0	0	636	516	15816	-357	75	96	2037	1611	1762	1699
0	0	0	0	664	440	15816	-360	60	94	2036	1609	1761	1702
0	0	0	0	604	444	15748	-362	69	87	2031	1609	1755	1701
0	0	0	0	580	492	15860	-348	69	85	2037	1610	1763	1703
0	0	0	0	736	532	15856	-350	64	99	2033	1611	1761	1702
0	0	0	0	732	504	15908	-356	60	88	2038	1609	1760	1702
0	0	0	0	640	548	15792	-363	65	95	2037	1611	1761	1702
0	0	0	0	712	544	15808	-356	55	98	2038	1610	1763	1701
0	0	0	0	664	624	15748	-355	58	87	2039	1610	1761	1701
0	0	0	0	624	376	15848	-364	69	98	2034	1610	1761	1701
0	0	0	0	652	552	15724	-347	64	99	2038	1609	1761	1704
0	0	0	0	736	476	15728	-355	68	97	2038	1607	1762	1701
0	0	0	0	716	448	15976	-358	67	93	2037	1611	1762	1701
0	0	0	0	688	444	15696	-355	62	88	2039	1610	1761	1701
0	0	0	0	604	444	15668	-360	70	95	2037	1610	1763	1702
0	0	0	0	704	356	15840	-348	69	83	2038	1610	1759	1703
0	0	0	0	624	444	15688	-355	68	90	2037	1612	1761	1703
0	0	0	0	632	540	15744	-357	73	88	2037	1609	1759	1702
0	0	0	0	580	492	15920	-371	71	90	2038	1611	1762	1703
0	0	0	0	676	456	15824	-354	67	95	2035	1609	1763	1700
0	0	0	0	760	520	15868	-359	67	89	2036	1610	1760	1702
0	0	0	0	588	536	15924	-359	66	90	2039	1611	1762	1701
0	0	0	0	648	520	15796	-346	65	91	2035	1607	1760	1698
0	0	0	0	688	552	15920	-352	61	82	2037	1609	1760	1710
0	0	0	0	720	456	15612	-359	71	94	2036	1610	1761	1701
0	0	0	0	632	440	15692	-355	62	93	2039	1608	1761	1701
0	0	0	0	672	508	15796	-348	65	96	2032	1608	1761	1701
0	0	0	0	688	412	15688	-355	68	101	2036	1610	1761	1701
0	0	0	0	640	488	15824	-363	71	98	2036	1610	1760	1702
0	0	0	0	640	580	16048	-361	53	100	2032	1610	1759	1702
0	0	0	0	704	436	15744	-356	59	86	2033	1610	1762	1702
0	0	0	0	648	524	15720	-348	60	88	2038	1609	1759	1700
0	0	0	0	696	572	15736	-352	79	95	2038	1610	1760	1701
0	0	0	0	684	504	15768	-363	70	93	2038	1606	1759	1706
0	0	0	0	596	416	15760	-363	67	95	2037	1610	1761	1702
0	0	0	0	632	432	15860	-356	71	100	2038	1610	1760	1702
0	0	0	0	624	368	15836	-372	64	82	2037	1610	1761	1701
0	0	0	0	660	596	15748	-359	65	88	2039	1610	1758	1701
0	0	0	0	620	464	15844	-367	69	94	2036	1609	1761	1701
0	0	0	0	708	516	15744	-358	68	87	2037	1609	1761	1702
0	0	0	0	640	444	15852	-351	69	88	2037	1609	1757	1701
0	0	0	0	672	464	15764	-359	63	86	2037	1608	1771	1711
0	0	0	0	640	524	15948	-354	69	96	2037	1610	1761	1702
0	0	0	0	652	536	15872	-363	64	97	2037	1610	1763	1701
0	0	0	0	756	460	15756	-350	75	102	2039	1610	1761	1697
0	0	0	0	604	512	15736	-344	73	85	2038	1610	1761	1700
0	0	0	0	680	636	15796	-348	67	96	2037	1609	1761	1703
0	0	0	0	676	512	15960	-350	67	96	2037	1610	1760	1700
0	0	0	0	600	400	15816	-348	72	91	2033	1609	1761	1700
0	0	0	0	544	488	16080	-357	69	86	2036	1612	1761	1702
0	0	0	0	636	448	15892	-366	78	88	2036	1609	1763	1701
0	0	0	0	672	524	15880	-357	61	82	2033	1609	1761	1702
0	0	0	0	768	476	15856	-353	77	91	2037	1611	1759	1702
0	0	0	0	892	504	15884	-363	69	96	2038	1610	1762	1701
0	0	0	0	752	508	15672	-361	79	94	2037	1610	1761	1703
0	0	0	0	708	476	15752	-356	69	90	2037	1605	1762	1700
0	0	0	0	624	496	15708	-364	76	105	2039	1610	1761	1702
0	0	0	0	520	460	15880	-353	65	93	2039	1610	1760	1702
0	0	0	0	512	456	15744	-342	72	87	2036	1609	1759	1702
0	0	0	0	632	540	15756	-359	61	78	2038	1610	1761	1699
0	0	0	0	676	720	15672	-358	72	86	2037	1610	1762	1701
0	0	0	0	636	532	15792	-364	64	114	2036	1609	1760	1703
0	0	0	0	688	272	16008	-356	63	91	2037	1609	1758	1704
0	0	0	0	648	436	15672	-357	65	74	2038	1611	1759	1700
0	0	0	0	708	428	15772	-364	68	69	2038	1610	1763	1701
0	0	0	0	740	496	15756	-347	62	104	2038	1612	1761	1703
0	0	0	0	568	584	15708	-356	68	88	2038	1611	1762	1699
0	0	0	0	600	384	15852	-357	54	101	2037	1612	1762	1702
0	0	0	0	672	476	15772	-362	81	88	2038	1611	1757	1703
0	0	0	0	612	516	15876	-353	60	86	2039	1612	1762	1702
0	0	0	0	544	396	15748	-365	62	110	2038	1609	1763	1702
0	0	0	0	580	436	15776	-352	75	81	2037	1608	1761	1702
0	0	0	0	604	524	15876	-356	64	67	2033	1610	1762	1703
0	0	0	0	580	592	15892	-355	58	84	2035	1610	1761	1702
0	0	0	0	676	528	15648	-352	76	90	2036	1609	1761	1702
0	0	0	0	668	504	15752	-362	71	95	2037	1609	1761	1703
0	0	0	0	716	428	15880	-349	72	91	2038	1612	1761	1701
0	0	0	0	656	592	15716	-368	64	77	2039	1606	1761	1701
0	0	0	0	644	516	15900	-358	70	81	2041	1611	1762	1703
0	0	0	0	612	532	15716	-360	56	88	2039	1610	1763	1703
0	0	0	0	868	540	15736	-372	65	76	2040	1607	1757	1701
0	0	0	0	364	248	15936	-384	39	97	2038	1611	1762	1699
0	0	0	0	616	532	16020	-376	43	82	2041	1611	1762	1702
0	0	0	0	648	488	15860	-357	92	82	2043	1611	1761	1704
0	0	0	0	612	532	15832	-357	71	81	2038	1611	1761	1701
0	0	0	0	616	468	15732	-366	82	79	2040	1610	1762	1701
0	0	0	0	720	552	15920	-361	59	96	2037	1610	1762	1702
0	0	0	0	784	660	15856	-368	75	89	2038	1610	1761	1703
0	0	0	0	480	648	15668	-377	76	102	2040	1610	1762	1699
0	0	0	0	708	664	15668	-345	36	104	2038	1611	1762	1695
